"","X1","X2","X3","X4","X5","X6","X7","X8","X9","X10","X11","X12","X13","X14","X15","X16","X17","X18","X19","X20","X21","X22","X23","X24","X25","X26","X27","X28","X29","X30","X31","X32","X33","X34","X35","X36","X37","X38","X39","X40","X41","X42","X43","X44","X45","X46","X47","X48","X49","X50","X51","X52","X53","X54","X55","X56","X57","X58","X59","X60","X61","X62","X63","X64","X65","X66","X67","X68","X69","X70","X71","X72","X73","X74","X75","X76","X77","X78","X79","X80","X81","X82","X83","X84","X85","X86","X87","X88","X89","X90","X91","X92","X93","X94","X95","X96","X97","X98","X99","X100","X101","X102","X103","X104","X105","X106","X107","X108","X109","X110","X111","X112","X113","X114","X115","X116","X117","X118","X119","X120","X121","X122","X123","X124","X125","X126","X127","X128","X129","X130","X131","X132","X133","X134","X135","X136","X137","X138","X139","X140","X141","X142","X143","X144","X145","X146","X147","X148","X149","X150","X151","X152","X153","X154","X155","X156","X157","X158","X159","X160","X161","X162","X163","X164","X165","X166","X167","X168","X169","X170","X171","X172","X173","X174","X175","X176","X177","X178","X179","X180","X181","X182","X183","X184","X185","X186","X187","X188","X189","X190","X191","X192","X193","X194","X195","X196","X197","X198","X199","X200","X201","X202","X203","X204","X205","X206","X207","X208","X209","X210","X211","X212","X213","X214","X215","X216","X217","X218","X219","X220","X221","X222","X223","X224","X225","X226","X227","X228","X229","X230","X231","X232","X233","X234","X235","X236","X237","X238","X239","X240","X241","X242","X243","X244","X245","X246","X247","X248","X249","X250","X251","X252","X253","X254","X255","X256","X257","X258","X259","X260","X261","X262","X263","X264","X265","X266","X267","X268","X269","X270","X271","X272","X273","X274","X275","X276","X277","X278","X279","X280","X281","X282","X283","X284","X285","X286","X287","X288","X289","X290","X291","X292","X293","X294","X295","X296","X297","X298","X299","X300","X301","X302","X303","X304","X305","X306","X307","X308","X309","X310","X311","X312","X313","X314","X315","X316","X317","X318","X319","X320","X321","X322","X323","X324","X325","X326","X327","X328","X329","X330","X331","X332","X333","X334","X335","X336","X337","X338","X339","X340","X341","X342","X343","X344","X345","X346","X347","X348","X349","X350","X351","X352","X353","X354","X355","X356","X357","X358","X359","X360","X361","X362","X363","X364","X365","X366","X367","X368","X369","X370","X371","X372","X373","X374","X375","X376","X377","X378","X379","X380","X381","X382","X383","X384","X385","X386","X387","X388","X389","X390","X391","X392","X393","X394","X395","X396","X397","X398","X399","X400","X401","X402","X403","X404","X405","X406","X407","X408","X409","X410","X411","X412","X413","X414","X415","X416","X417","X418","X419","X420","X421","X422","X423","X424","X425","X426","X427","X428","X429","X430","X431","X432","X433","X434","X435","X436","X437","X438","X439","X440","X441","X442","X443","X444","X445","X446","X447","X448","X449","X450","X451","X452","X453","X454","X455","X456","X457","X458","X459","X460","X461","X462","X463","X464","X465","X466","X467","X468","X469","X470","X471","X472","X473","X474","X475","X476","X477","X478","X479","X480","X481","X482","X483","X484","X485","X486","X487","X488","X489","X490","X491","X492","X493","X494","X495","X496","X497","X498","X499","X500","X501","X502","X503","X504","X505","X506","X507","X508","X509","X510","X511","X512","X513","X514","X515","X516","X517","X518","X519","X520","X521","X522","X523","X524","X525","X526","X527","X528","X529","X530","X531","X532","X533","X534","X535","X536","X537","X538","X539","X540","X541","X542","X543","X544","X545","X546","X547","X548","X549","X550","X551","X552","X553","X554","X555","X556","X557","X558","X559","X560","X561","X562","X563","X564","X565","X566","X567","X568","X569","X570","X571","X572","X573","X574","X575","X576","X577","X578","X579","X580","X581","X582","X583","X584","X585","X586","X587","X588","X589","X590","X591","X592","X593","X594","X595","X596","X597","X598","X599","X600","X601","X602","X603","X604","X605","X606","X607","X608","X609","X610","X611","X612","X613","X614","X615","X616","X617","X618","X619","X620","X621","X622","X623","X624","X625","X626","X627","X628","X629","X630","X631","X632","X633","X634","X635","X636","X637","X638","X639","X640","X641","X642","X643","X644","X645","X646","X647","X648","X649","X650","X651","X652","X653","X654","X655","X656","X657","X658","X659","X660","X661","X662","X663","X664","X665","X666","X667","X668","X669","X670","X671","X672","X673","X674","X675","X676","X677","X678","X679","X680","X681","X682","X683","X684","X685","X686","X687","X688","X689","X690","X691","X692","X693","X694","X695","X696","X697","X698","X699","X700","X701","X702","X703","X704","X705","X706","X707","X708","X709","X710","X711","X712","X713","X714","X715","X716","X717","X718","X719","X720","X721","X722","X723","X724","X725","X726","X727","X728","X729","X730","X731","X732","X733","X734","X735","X736","X737","X738","X739","X740","X741","X742","X743","X744","X745","X746","X747","X748","X749","X750","X751","X752","X753","X754","X755","X756","X757","X758","X759","X760","X761","X762","X763","X764","X765","X766","X767","X768","X769","X770","X771","X772","X773","X774","X775","X776","X777","X778","X779","X780","X781","X782","X783","X784","X785","X786","X787","X788","X789","X790","X791","X792","X793","X794","X795","X796","X797","X798","X799","X800","X801","X802","X803","X804","X805","X806","X807","X808","X809","X810","X811","X812","X813","X814","X815","X816","X817","X818","X819","X820","X821","X822","X823","X824","X825","X826","X827","X828","X829","X830","X831","X832","X833","X834","X835","X836","X837","X838","X839","X840"
"1",0,0,0,0,0,0,0,0,0,0,0,0,0,0,0,0,0,0,0,0,0,0,0,0,0,0,0,0,0,0,0,0,0,0,0,0,0,0,0,0,0,0,0,0,0,0,0,0,0,0,0,0,0,0,0,0,0,0,0,0,0,0,0,0,0,0,0,0,0,0,0,0,0,0,0,0,0,0,0,0,0,0,0,0,0,0,0,0,0,0,0,0,0,0,0,0,0,0,0,0,0,0,0,0,0,0,0,0,0,0,0,0,0,0,0,0,0,0,0,0,0,0,0,0,0,0,0,0,0,0,0,0,0,0,0,0,0,0,0,0,0,0,0,0,0,0,0,0,0,0,0,0,0,0,0,0,0,0,0,0,0,0,0,0,0,0,0,0,0,0,0,0,0,0,0,0,0,0,0,0,0,0,0,0,0,0,0,0,0,0,0,0,0,0,0,0,0,0,0,0,0,0,0,0,0,0,0,0,0,0,0,0,0,0,0,0,0,0,0,0,0,0,0,0,0,0,0,0,0,0,0,0,0,0,0,0,0,0,0,0,0,0,0,0,0,0,0,0,0,0,0,0,0,0,0,0,0,0,0,0,0,0,0,0,0,0,0,0,0,0,0,0,0,0,0,0,0,0,0,0,0,0,0,0,0,0,0,0,0,0,0,0,0,0,0,0,0,0,0,0,500,0,500,0,500,0,0,0,0,0,0,0,800,0,800,0,800,0,400,0,400,0,400,0,600,0,600,0,600,0,0,0,0,0,0,0,0,0,0,0,0,0,921,0,921,0,921,0,42023,0,42023,0,42023,0,38280,0,38280,0,38280,0,69692,0,69692,0,69692,0,42456.5800477813,0,42459,0,42459,0,44228.4875170181,0,44235,0,44235,0,0,0,0,0,0,0,0,0,0,0,0,0,0,0,0,0,0,0,0,0,0,0,0,0,0,0,0,0,0,0,0,0,0,0,0,0,0,0,0,0,0,0,0,0,0,0,0,0,0,0,0,0,0,0,0,0,0,0,0,0,0,0,0,0,0,0,0,0,0,0,0,0,0,0,0,0,0,0,0,0,0,0,0,0,0,0,0,0,0,0,0,0,0,0,0,0,0,0,0,0,0,0,0,0,0,0,0,0,0,0,0,0,0,0,0,0,0,0,0,0,0,0,0,0,0,0,0,0,0,0,0,0,0,0,0,0,0,0,0,0,0,0,0,0,0,0,0,0,0,0,0,0,0,0,0,0,0,0,0,0,0,0,0,0,0,0,0,0,0,0,0,0,0,0,0,0,0,0,0,0,0,0,0,0,0,0,0,0,0,0,0,0,0,0,0,0,0,0,0,0,0,0,0,0,0,0,0,0,0,0,0,0,0,0,0,0,0,0,0,0,0,0,0,0,0,0,0,0,0,0,0,0,0,0,0,0,0,0,0,0,0,0,0,0,0,0,0,0,0,0,0,0,0,0,0,0,0,0,0,0,0,0,0,0,0,0,0,0,0,0,0,0,0,0,0,0,0,0,0,0,0,0,0,0,0,0,0,0,0,0,0,0,0,0,0,0,0,0,0,0,0,0,0,0,0,0,0,0,0,0,0,0,0,0,0,0,0,0,0,0,0,0,0,0,0,0,0,0,0,0,0,0,0,0,0,0,0,0,0,0,0,0,0,0,0,0,0,0,0,0,0,0,0,0,0,0,0,0,0,0,0,0,0,0,0,0,0,0,0,0,0,0,0,0,0,0,0,0,0,0,0,0,0,0,0,0,0,0,0,0,0,0,0,0,0,0,0,0,0,0,0,0,0,0,0,0,0,0,0,0,0,0,0,0,0,0,0,0,0,0,0,0,0,0,0,0,0,0,0,0,0,0,0,0,0,0,0,0,0,0,0,0,0,0,0,0,0,0,0,0,0,0,0,0,0,0,0,0,0,0,0,0
"2",0,0,0,0,0,0,0,0,0,0,0,0,0,0,0,0,0,0,0,0,0,0,0,0,0,0,0,0,0,0,0,0,0,0,0,0,0,0,0,0,0,0,0,0,0,0,0,0,0,0,0,0,0,0,0,0,0,0,0,0,0,0,0,0,0,0,0,0,0,0,0,0,0,0,0,0,0,0,0,0,0,0,0,0,0,0,0,0,0,0,0,0,0,0,0,0,0,0,0,0,0,0,0,0,0,0,0,0,0,0,0,0,0,0,0,0,0,0,0,0,0,0,0,0,0,0,0,0,0,0,0,0,0,0,0,0,0,0,0,0,0,0,0,0,0,0,0,0,0,0,0,0,0,0,0,0,0,0,0,0,0,0,0,0,0,0,0,0,0,0,0,0,0,0,0,0,0,0,0,0,0,0,0,0,0,0,0,0,0,0,0,0,0,0,0,0,0,0,0,0,0,0,0,0,0,0,0,0,0,0,0,0,0,0,0,0,0,0,0,0,0,0,0,0,0,0,0,0,0,0,0,0,0,0,0,0,0,0,0,0,0,0,0,0,0,0,0,0,0,0,0,0,0,0,0,0,0,0,0,0,0,0,0,0,0,0,0,0,0,0,0,0,0,0,0,0,0,0,0,0,0,0,0,0,0,0,0,0,0,0,0,0,0,0,0,0,0,0,0,0,500,0,500,0,500,0,0,0,0,0,0,0,800,0,800,0,800,0,400,0,400,0,400,0,600,0,600,0,600,0,0,0,0,0,0,0,0,0,0,0,0,0,921,0,921,0,921,0,42023,0,42023,0,42023,0,38280,0,38280,0,38280,0,69692,0,69692,0,69692,0,42456.5800477813,0,42459,0,42459,0,44228.4875170181,0,44235,0,44235,0,4365.70153428773,0,3434.26757463792,0,5253.43724091677,0,4639.44213867412,0,3705.21142579487,0,5528.81090157774,0,4896.05387153784,0,3966.00537513068,0,5788.19657749762,0,5134.57516069994,0,4207.61374803732,0,6030.9363235952,0,5354.7679879162,0,4430.75968307037,0,6258.27847035219,0,5556.84576758189,0,4633.25497113325,0,6465.82203905668,0,5741.33298883191,0,4816.30467148336,0,6657.97129031351,0,5908.98335932981,0,4975.65211567006,0,6830.56029611,0,6060.71688305481,0,5123.98863192918,0,6984.98691864074,0,6197.56330028115,0,5264.65353878647,0,7121.16491859409,0,6320.61175316442,0,5387.08715883366,0,7250.81464389029,0,6430.96893031434,0,5491.28038022956,0,7370.83049328953,0,6529.72670314524,0,5587.12553840474,0,7471.91599217015,0,6617.93877593338,0,5673.42157119972,0,7558.44547673482,0,6696.60503280983,0,5751.74403561868,0,7637.12136090357,0,6766.66201183192,0,5819.19000788944,0,7712.37725909335,0,6828.97801848474,0,5879.51486676258,0,7779.91798371356,0,6884.35161448793,0,5933.20376972338,0,7832.95876456149,0,6933.51247247232,0,5980.30547952725,0,7882.95495626986,0,6977.12382174901,0,6023.67697893171,0,7929.26974119366,0,7015.78590683388,0,6060.42657532132,0,7969.77463445143,0,7050.04003642015,0,6094.58884926326,0,8005.77751992082,0,7080.37292052924,0,6124.15770241148,0,8038.01161531766,0,7107.22108399619,0,6149.74202588266,0,8067.08307444687,0,7130.97521154845,0,6172.89790160383,0,8093.03603562942,0,7151.9843289397,0,6193.95287133607,0,8114.15754630353,0,7170.55976028749,0,6212.77062235422,0,8132.61639205121,0,7186.97882736035,0,6229.38754115474,0,8149.84346685865,0,7201.48827467822,0,6243.99732812586,0,8165.04835941902,0,7214.30741690348,0,6256.31362386941,0,8178.45780789414,0,7225.63101358148,0,6267.18057934844,0,8190.26721418205,0,7235.63188193745,0,6276.76643129411,0,8200.68260016349,0,7244.46326196231,0,6285.22032712828,0,8209.8665832535,0,7252.26095002633,0,6292.69775083308,0,8217.96317301951,0,7259.14521818733,0,6299.89898857818,0,8225.09982947453,0,7265.2225365374,0,6305.35538907657,0,8231.38930839216,0,7270.58711559577,0,6310.16474157173,0,8238.09226367996,0,7275.32228508102,0,6314.64247928676,0,8242.33727610415,0,7279.50172450877,0,6318.60173233048,0,8246.11513026818,0,7283.19056005367,0,6322.09210558758,0,8249.90357579249,0,7286.44634104949,0,6325.16634949183,0,8253.24002401681,0,7289.31990842679,0,6327.87375915644,0,8256.17807439503,0,7291.85616633234,0,6330.28488948095,0,8258.76502714155,0,7294.09476716095,0,6332.43143464354,0,8261.04261337214,0,7296.07071927073,0,6334.32124123034,0,8263.04764251093,0,7297.81492575491,0,6335.98486430032,0,8264.81257596832,0,7299.35466181089,0,6337.40541990485,0,8266.36603519083,0,7300.71399748085,0,6338.64898216526,0,8267.73325135362,0,7301.91417183674,0,6339.7434500257,0,8268.93646320884,0,7302.97392404404,0,6340.70662760753,0,8269.99526891346,0,7303.90978615931,0,6341.55420472115,0,8270.92693703621,0,7304.73634199282,0,6342.30000595032,0,8271.74668137993,0,7305.46645589572,0,6342.9562107422,0,8272.46790374788,0,7306.11147490697,0,6343.53354781478,0,8273.10240832734,0,7306.68140731453,0,6344.04146682671,0,8273.66059095503,0,7307.18508034442,0,6344.48828992714,0,8274.15160616345,0,7307.63027938695,0,6344.88134550883,0,8274.5835145809,0,7308.02387089683,0,6345.22708622667,0,8274.96341296632,0,7308.37191086214,0,6345.53119310928,0,8275.29754890075,0,7308.67974052055,0,6345.79866738366,0,8275.59142192615,0,7308.95207080957,0,6346.0339114473,0,8275.84987271667,0,7309.19305686664,0,6346.24080025768,0,8276.0771616852,0,7309.40636374338,0,6346.4227442625,0,8276.27703826573,0,7309.5952243636,0,6346.58274486443,0,8276.45280196851,0,7309.76249063561,0,6346.72344329874,0,8276.60735617734,0,7309.91067852331,0,6346.84716370012,0,8276.74325554554,0,7310.04200778712,0,6346.95595104467,0,8276.86274774717,0,7310.15843702263,0,6347.05160457257,0,8276.96781025139,0,7310.26169455155,0,6347.13570722663,0,8277.06018270961,0,7310.35330565472,0,6347.20965157853,0,8277.14139547601,0,7310.43461657915,0,6347.27466265957,0,8277.21279472033,0,7310.5068157007,0,6347.33181806359,0,8277.27556453833,0,7310.57095217887,0,6347.38206564617,0,8277.33074641681,0,7310.62795240066,0,6347.42623910642,0,8277.37925636855,0,7310.67863447531,0,6347.4650717032,0,8277.4219000147,0,7310.72372101115,0,6347.49920832849,0,8277.45938585952,0,7310.76385037791,0,6347.52921613365,0,8277.49233697343,0
"3",0,0,0,0,0,0,0,0,0,0,0,0,0,0,0,0,0,0,0,0,0,0,0,0,0,0,0,0,0,0,0,0,0,0,0,0,0,0,0,0,0,0,0,0,0,0,0,0,0,0,0,0,0,0,0,0,0,0,0,0,0,0,0,0,0,0,0,0,0,0,0,0,0,0,0,0,0,0,0,0,0,0,0,0,0,0,0,0,0,0,0,0,0,0,0,0,0,0,0,0,0,0,0,0,0,0,0,0,0,0,0,0,0,0,0,0,0,0,0,0,0,0,0,0,0,0,0,0,0,0,0,0,0,0,0,0,0,0,0,0,0,0,0,0,0,0,0,0,0,0,0,0,0,0,0,0,0,0,0,0,0,0,0,0,0,0,0,0,0,0,0,0,0,0,0,0,0,0,0,0,0,0,0,0,0,0,0,0,0,0,0,0,0,0,0,0,0,0,0,0,0,0,0,0,0,0,0,0,0,0,0,0,0,0,0,0,0,0,0,0,0,0,0,0,0,0,0,0,0,0,0,0,0,0,0,0,0,0,0,0,0,0,0,0,0,0,0,0,0,0,0,0,0,0,0,0,0,0,0,0,0,0,0,0,0,0,0,0,0,0,0,0,0,0,0,0,0,0,0,0,0,0,0,0,0,0,0,0,0,0,0,0,0,0,0,0,0,0,0,0,500,0,500,0,500,0,0,0,0,0,0,0,800,0,800,0,800,0,400,0,400,0,400,0,600,0,600,0,600,0,0,0,0,0,0,0,0,0,0,0,0,0,921,0,921,0,921,0,42023,0,42023,0,42023,0,38280,0,38280,0,38280,0,69692,0,69692,0,69692,0,42456.5800477813,0,42459,0,42459,0,44228.4875170181,0,44235,0,44235,0,8731.40306857546,0,6868.53514927583,0,10506.8744818335,0,9114.79516830965,0,7281.92891566564,0,10860.2650409852,0,9470.41093687071,0,7677.09664306637,0,11193.8300290158,0,9796.87975581727,0,8036.86331101763,0,11500.766215315,0,10094.14847447,0,8363.38293808921,0,11785.4119903504,0,10362.9515939838,0,8649.74759251819,0,12046.8933784675,0,10604.534808359,0,8907.74525578002,0,12280.4390045064,0,10820.4912651027,0,9123.90743358553,0,12495.5095479533,0,11012.6388509867,0,9337.02722008867,0,12672.4114901425,0,11182.9161679256,0,9518.89215943429,0,12830.3694422746,0,11333.2958012258,0,9673.13055356851,0,12995.2051867225,0,11465.7169245825,0,9806.95105484727,0,13123.8395902549,0,11582.0370929216,0,9928.45990173917,0,13229.0908091497,0,11684.0008588946,0,10036.9004265451,0,13323.9968421719,0,11773.221863881,0,10126.9780723143,0,13415.8034445802,0,11851.1750242378,0,10207.417462962,0,13495.6023897229,0,11919.1958788424,0,10276.6072103861,0,13554.8383881796,0,11978.4847554122,0,10338.0248306169,0,13615.520149918,0,12030.1139824202,0,10391.2061955767,0,13667.5302368171,0,12075.0368546994,0,10438.2960081688,0,13712.7993493451,0,12114.0974405773,0,10478.8075889522,0,13752.7601589676,0,12148.0406057661,0,10512.6775662549,0,13790.8411479847,0,12177.5218406683,0,10544.1301748786,0,13818.8398451651,0,12203.1166300648,0,10571.342493222,0,13842.8520295438,0,12225.3292118882,0,10595.5531113593,0,13864.5350097718,0,12244.6006466322,0,10616.5275544384,0,13883.8868640831,0,12261.31616989,0,10633.5447831498,0,13900.6252080934,0,12275.8118342827,0,10648.1592353702,0,13915.0630703447,0,12288.3804686035,0,10660.8008496936,0,13927.549619029,0,12299.2769949828,0,10671.7325951211,0,13938.3454115741,0,12308.7231518982,0,10682.2042720818,0,13947.6768809331,0,12316.9116738063,0,10690.0504512233,0,13955.7406578806,0,12324.0099783921,0,10696.4817866492,0,13962.6857980611,0,12330.1634108936,0,10702.5097841142,0,13969.579756484,0,12335.4980923221,0,10707.7716380222,0,13973.9219180819,0,12340.1234151473,0,10712.3191342458,0,13978.4091630662,0,12344.1342264664,0,10716.2454463651,0,13982.2830289069,0,12347.6127350517,0,10719.6512715938,0,13985.6268422088,0,12350.6301751155,0,10722.6728206305,0,13988.5127114906,0,12353.2482562372,0,10725.2803955868,0,13991.0030168588,0,12355.5204257173,0,10727.5304209855,0,13993.1517061882,0,12357.4929666877,0,10729.373907309,0,13995.0054219953,0,12359.2059526274,0,10730.9638515366,0,13996.6044803859,0,12360.6940765049,0,10732.3353491907,0,13997.9837209235,0,12361.9873705839,0,10733.5182916142,0,13999.1732439935,0,12363.1118309785,0,10734.5385027521,0,14000.1990502063,0,12364.0899593041,0,10735.4182882234,0,14001.0835945809,0,12364.9412322294,0,10736.1769111416,0,14001.8462666513,0,12365.6825083726,0,10736.8310042778,0,14002.5038062262,0,12366.3283807815,0,10737.3949269425,0,14003.0706632935,0,12366.8914821847,0,10737.8810738896,0,14003.5593094654,0,12367.3827492685,0,10738.3001426034,0,14003.980507404,0,12367.8116514274,0,10738.6613645055,0,14004.3435438306,0,12368.1863887205,0,10738.9727048962,0,14004.6564309851,0,12368.5140631488,0,10739.2410358126,0,14004.9260807655,0,12368.800826825,0,10739.4722854364,0,14005.1584552176,0,12369.0520101358,0,10739.6715672044,0,14005.3586965591,0,12369.2722325853,0,10739.8432913558,0,14005.5312394989,0,12369.4654986511,0,10739.9912612859,0,14005.6799082448,0,12369.6352806736,0,10740.1187567623,0,14005.8080002722,0,12369.7845905275,0,10740.2286057819,0,14005.9183586488,0,12369.9160415929,0,10740.3232466086,0,14006.0134344702,0,12370.0319023364,0,10740.404781328,0,14006.0953407495,0,12370.134142639,0,10740.4750220697,0,14006.1658989256,0,12370.2244738532,0,10740.5355308984,0,14006.2266789962,0,12370.3043834392,0,10740.5876542353,0,14006.279034144,0,12370.3751649145,0,10740.6325525569,0,14006.3241306104,0,12370.4379437554,0,10740.6712260162,0,14006.3629734647,0,12370.4936997959,0,10740.7045365437,0,14006.3964288314,0,12370.5432866035,0,10740.7332269111,0,14006.42524306,0,12370.587448239,0,10740.7579371709,0,14006.4500592567,0,12370.6268337575,0,10740.7792188359,0,14006.4714315406,0,12370.6620097563,0,10740.797547104,0,14006.4898373349,0,12370.693471235,0,10740.8133314003,0,14006.5056879649,0,12370.7216509969,0,10740.8269244653,0,14006.5193377941,0,12370.7469277893,0,10740.8386301908,0,14006.5310921007,0,12370.7696333535,0,10740.8487103738,0,14006.5412138661,0
"4",0,0,0,0,0,0,0,0,0,0,0,0,0,0,0,0,0,0,0,0,0,0,0,0,0,0,0,0,0,0,0,0,0,0,0,0,0,0,0,0,0,0,0,0,0,0,0,0,0,0,0,0,0,0,0,0,0,0,0,0,0,0,0,0,0,0,0,0,0,0,0,0,0,0,0,0,0,0,0,0,0,0,0,0,0,0,0,0,0,0,0,0,0,0,0,0,0,0,0,0,0,0,0,0,0,0,0,0,0,0,0,0,0,0,0,0,0,0,0,0,0,0,0,0,0,0,0,0,0,0,0,0,0,0,0,0,0,0,0,0,0,0,0,0,0,0,0,0,0,0,0,0,0,0,0,0,0,0,0,0,0,0,0,0,0,0,0,0,0,0,0,0,0,0,0,0,0,0,0,0,0,0,0,0,0,0,0,0,0,0,0,0,0,0,0,0,0,0,0,0,0,0,0,0,0,0,0,0,0,0,0,0,0,0,0,0,0,0,0,0,0,0,0,0,0,0,0,0,0,0,0,0,0,0,0,0,0,0,0,0,0,0,0,0,0,0,0,0,0,0,0,0,0,0,0,0,0,0,0,0,0,0,0,0,0,0,0,0,0,0,0,0,0,0,0,0,0,0,0,0,0,0,0,0,0,0,0,0,0,0,0,0,0,0,0,0,0,0,0,0,500,0,500,0,500,0,0,0,0,0,0,0,800,0,800,0,800,0,400,0,400,0,400,0,600,0,600,0,600,0,0,0,0,0,0,0,0,0,0,0,0,0,921,0,921,0,921,0,42023,0,42023,0,42023,0,38280,0,38280,0,38280,0,69692,0,69692,0,69692,0,42456.5800477813,0,42459,0,42459,0,44228.4875170181,0,44235,0,44235,0,13097.1046028632,0,10302.8027239138,0,15760.3117227503,0,13426.0590889066,0,10730.1524696123,0,15995.1674370938,0,13732.2672007178,0,11136.3363541219,0,16227.1451603256,0,14012.9480801916,0,11508.6279040315,0,16442.4742065958,0,14267.2228061146,0,11837.2160814593,0,16644.955531569,0,14495.3515905996,0,12123.869836036,0,16833.4606777294,0,14698.3287789645,0,12361.2601662504,0,17002.9581006193,0,14877.6378063696,0,12567.200831798,0,17159.2482789218,0,15035.0702273495,0,12774.130402299,0,17273.8027519903,0,15172.5790270598,0,12939.7580728439,0,17407.868632512,0,15292.1623942173,0,13069.1454182586,0,17513.9889013523,0,15395.7778775028,0,13191.6812708929,0,17590.2867665049,0,15485.2842387158,0,13301.1650519325,0,17660.5481498167,0,15562.4061148155,0,13387.3612525402,0,17733.0668369347,0,15628.7160081247,0,13464.0942966217,0,17793.5922990891,0,15685.6286141119,0,13528.3047378703,0,17835.3251514854,0,15734.4034280878,0,13586.2014049884,0,17880.0410525026,0,15776.1525534592,0,13632.7508387177,0,17919.6905827243,0,15811.8514894881,0,13675.2546105127,0,17952.7315914288,0,15842.351355495,0,13709.1435550096,0,17982.3273592418,0,15868.3915186494,0,13740.1040955053,0,18008.4426899487,0,15890.6119621444,0,13766.7660374202,0,18026.0452504771,0,15909.5649911796,0,13790.3884647148,0,18042.7481845861,0,15925.7260536723,0,13810.0724070614,0,18057.5316180754,0,15939.5035733632,0,13825.3429949796,0,18070.0372237356,0,15951.2477719975,0,13838.2985698718,0,18080.6147456671,0,15961.2585071142,0,13849.2850874644,0,18089.5850143573,0,15969.7921817218,0,13859.3884751312,0,18097.1890727219,0,15977.0677982648,0,13867.3910927079,0,18103.6325594165,0,15983.2722363318,0,13873.2219064451,0,18109.0517210466,0,15988.5648347209,0,13878.83403357,0,18113.594248487,0,15993.081355953,0,13883.6258638136,0,18117.625718336,0,15996.9374066218,0,13887.6813783354,0,18120.9374227366,0,16000.2313811055,0,13891.1128973908,0,18123.7396068903,0,16003.0469898169,0,13894.1427544677,0,18126.110133014,0,16005.4554267707,0,13896.7218437909,0,18128.1150811391,0,16007.5172250764,0,13898.8872839556,0,18129.8105056935,0,16009.2838431761,0,13900.5898793421,0,18131.243936353,0,16010.7990193328,0,13902.02917676,0,18132.4556588966,0,16012.0999270592,0,13903.2457058978,0,18133.4798071856,0,16013.2181598706,0,13904.2737974424,0,18134.3452932701,0,16014.1805699235,0,13905.1425225932,0,18135.0765989737,0,16015.0099817343,0,13905.8764921071,0,18135.6944490997,0,16015.7257992247,0,13906.4965354308,0,18136.2163835874,0,16016.3445217667,0,13907.0202775813,0,18136.6572435017,0,16016.8801826715,0,13907.4626289078,0,18137.0295836143,0,16017.3447216301,0,13907.8362006936,0,18137.3440224967,0,16017.7483009478,0,13908.1516576725,0,18137.6095394582,0,16018.0995739773,0,13908.4180169158,0,18137.8337263016,0,16018.4059129222,0,13908.6429011582,0,18138.023000691,0,16018.6736021215,0,13908.8327534337,0,18138.182786927,0,16018.9080020222,0,13908.9930188764,0,18138.3176690595,0,16019.1136882689,0,13909.1282986643,0,18138.4315205357,0,16019.2945696784,0,13909.2424803414,0,18138.5276139486,0,16019.4539883018,0,13909.3388481157,0,18138.6087139204,0,16019.594804294,0,13909.4201761881,0,18138.6771556926,0,16019.7194679014,0,13909.4888077079,0,18138.7349116104,0,16019.8300805278,0,13909.5467215539,0,18138.7836473533,0,16019.9284465426,0,13909.5955888087,0,18138.8247694867,0,16020.0161172415,0,13909.6368205095,0,18138.8594656656,0,16020.0944281574,0,13909.6716080152,0,18138.8887386217,0,16020.1645307344,0,13909.7009571275,0,18138.9134348899,0,16020.2274192252,0,13909.7257169279,0,18138.9342690862,0,16020.2839535406,0,13909.7466041461,0,18138.951844422,0,16020.3348786666,0,13909.764223749,0,18138.9666700374,0,16020.3808411741,0,13909.7790863354,0,18138.9791756435,0,16020.4224032627,0,13909.7916228297,0,18138.9897238922,0,16020.4600547128,0,13909.8021968928,0,18138.9986208227,0,16020.4942230659,0,13909.8111154043,0,18139.0061246851,0,16020.5252823,0,13909.8186373137,0,18139.0124533911,0,16020.5535602291,0,13909.8249811156,0,18139.0177908052,0,16020.5793448192,0,13909.8303311608,0,18139.0222920573,0,16020.6028895844,0,13909.834842984,0,18139.0260880266,0,16020.6244182018,0,13909.8386478027,0,18139.0292891279,0,16020.6441284621,0,13909.8418563139,0,18139.0319885077,0,16020.6621956554,0,13909.8445618995,0,18139.0342647411,0,16020.6787754768,0,13909.8468433315,0,18139.036184109,0
"5",0,0,0,0,0,0,0,0,0,0,0,0,0,0,0,0,0,0,0,0,0,0,0,0,0,0,0,0,0,0,0,0,0,0,0,0,0,0,0,0,0,0,0,0,0,0,0,0,0,0,0,0,0,0,0,0,0,0,0,0,0,0,0,0,0,0,0,0,0,0,0,0,0,0,0,0,0,0,0,0,0,0,0,0,0,0,0,0,0,0,0,0,0,0,0,0,0,0,0,0,0,0,0,0,0,0,0,0,0,0,0,0,0,0,0,0,0,0,0,0,0,0,0,0,0,0,0,0,0,0,0,0,0,0,0,0,0,0,0,0,0,0,0,0,0,0,0,0,0,0,0,0,0,0,0,0,0,0,0,0,0,0,0,0,0,0,0,0,0,0,0,0,0,0,0,0,0,0,0,0,0,0,0,0,0,0,0,0,0,0,0,0,0,0,0,0,0,0,0,0,0,0,0,0,0,0,0,0,0,0,0,0,0,0,0,0,0,0,0,0,0,0,0,0,0,0,0,0,0,0,0,0,0,0,0,0,0,0,0,0,0,0,0,0,0,0,0,0,0,0,0,0,0,0,0,0,0,0,0,0,0,0,0,0,0,0,0,0,0,0,0,0,0,0,0,0,0,0,0,0,0,0,0,0,0,0,0,0,0,0,0,0,0,0,0,0,0,0,0,0,500,0,500,0,500,0,0,0,0,0,0,0,800,0,800,0,800,0,400,0,400,0,400,0,600,0,600,0,600,0,0,0,0,0,0,0,0,0,0,0,0,0,921,0,921,0,921,0,42023,0,42023,0,42023,0,38280,0,38280,0,38280,0,69692,0,69692,0,69692,0,42456.5800477813,0,42459,0,42459,0,44228.4875170181,0,44235,0,44235,0,17462.8061371509,0,13737.0702985517,0,21013.7489636671,0,17573.233900465,0,14049.8820876349,0,20931.6454857156,0,17690.8186677982,0,14359.1056842406,0,20895.0847596534,0,17808.1305336603,0,14642.9000808653,0,20886.0085185851,0,17920.5578957297,0,14892.1848789985,0,20894.2864424007,0,18025.3082230446,0,15101.5609617942,0,20921.982540588,0,18120.8494349244,0,15261.2266192366,0,20943.7983232225,0,18206.5521530007,0,15414.4858875437,0,20962.3781487724,0,18282.4215074825,0,15563.2239997161,0,20974.7538892357,0,18348.8833229403,0,15668.9842524216,0,21031.0150933405,0,18406.6173797348,0,15761.3698490804,0,21046.1130619391,0,18456.4340900411,0,15846.670787242,0,21056.9013730968,0,18499.1884785855,0,15912.4411056919,0,21082.8693339949,0,18535.7237496034,0,15968.9741487022,0,21103.7976953429,0,18566.8368526991,0,16015.5077525362,0,21110.220999505,0,18593.2595939891,0,16058.429341611,0,21122.5201690718,0,18615.6502618823,0,16092.4726391634,0,21142.1667257959,0,18634.5920616261,0,16121.8605821788,0,21155.1688563586,0,18650.5957354784,0,16143.9769070625,0,21171.7117491508,0,18664.10456936,0,16167.3530836428,0,21175.9364589448,0,18675.5005869084,0,16187.1300286816,0,21181.0765696343,0,18685.1111559512,0,16203.3168602341,0,21187.2704298259,0,18693.2155254116,0,16214.7252856791,0,21192.3937607974,0,18700.0510091409,0,16224.2220490919,0,21196.6296718381,0,18705.8186650195,0,16232.1219720401,0,21200.1643743514,0,18710.6884032767,0,16240.3794526955,0,21203.1112055732,0,18714.8035119658,0,16244.5930543094,0,21205.5659108825,0,18718.284620141,0,16248.6891220615,0,21207.4992664759,0,18721.2331376704,0,16252.4394027934,0,21208.5045282312,0,18723.7342196959,0,16255.5605319639,0,21210.7218417303,0,18725.8593068707,0,16258.1492836361,0,21211.895911541,0,18727.668291949,0,16260.4710007444,0,21212.8709768305,0,18729.2113605767,0,16262.4069417066,0,21213.6804134324,0,18730.5305502564,0,16263.9199598193,0,21214.3520871026,0,18731.661067072,0,16265.0773262088,0,21214.9092409819,0,18732.6323952743,0,16266.0359871412,0,21215.3712459592,0,18733.4692305012,0,16266.8298748166,0,21215.7542335122,0,18734.1922633658,0,16267.4871699025,0,21216.0716282749,0,18734.8188364758,0,16268.0312661114,0,21216.3345953774,0,18735.3634946651,0,16268.4815755532,0,21216.5524155859,0,18735.8384453208,0,16268.8542004989,0,21216.732799444,0,18736.2539431628,0,16269.1624932376,0,21216.8821500041,0,18736.618611641,0,16269.4175223123,0,21217.0057823176,0,18736.9397112308,0,16269.6284605234,0,21217.1081066189,0,18737.2233632932,0,16269.8029076285,0,21217.1927810745,0,18737.4747367905,0,16269.9471585792,0,21217.2628390523,0,18737.6982039799,0,16270.0664263743,0,21217.3207950862,0,18737.8974702191,0,16270.1650271227,0,21217.3687330463,0,18738.0756821809,0,16270.2465336597,0,21217.4083794591,0,18738.235518073,0,16270.3139030117,0,21217.441164448,0,18738.3792628649,0,16270.3695821233,0,21217.4682723586,0,18738.5088710293,0,16270.4155955261,0,21217.4906837977,0,18738.626018888,0,16270.4536180124,0,21217.509210527,0,18738.7321483053,0,16270.4850348606,0,21217.5245244162,0,18738.8285031792,0,16270.510991733,0,21217.5371814583,0,18738.9161599395,0,16270.5324360071,0,21217.5476416829,0,18738.9960530569,0,16270.5501510032,0,21217.5562856636,0,18739.0689963999,0,16270.5647843235,0,21217.5634281986,0,18739.135701135,0,16270.5768713119,0,21217.5693296447,0,18739.1967907474,0,16270.5868544701,0,21217.5742053064,0,18739.2528136633,0,16270.5950995249,0,21217.5782332112,0,18739.3042538728,0,16270.6019087231,0,21217.5815605476,0,18739.351539885,0,16270.6075318285,0,21217.5843089949,0,18739.3950522916,0,16270.6121752193,0,21217.586579134,0,18739.4351301678,0,16270.6160094119,0,21217.5884540985,0,18739.4720765014,0,16270.6191752821,0,21217.590002595,0,18739.5061628076,0,16270.6217892097,0,21217.5912814017,0,18739.5376330631,0,16270.6239473319,0,21217.5923374363,0,18739.5667070669,0,16270.6257290594,0,21217.5932094649,0,18739.5935833213,0,16270.6271999822,0,21217.5939295165,0,18739.6184415071,0,16270.6284142726,0,21217.5945240516,0,18739.6414446186,0,16270.6294166697,0,21217.5950149291,0,18739.662740809,0,16270.6302441207,0,21217.5954202055,0,18739.6824649923,0,16270.6309271362,0,21217.5957547952,0,18739.7007402375,0,16270.6314909101,0,21217.5960310168,0,18739.7176789862,0,16270.6319562455,0,21217.5962590442,0,18739.7333841203,0,16270.6323403192,0,21217.5964472797,0
"6",0,0,0,0,0,0,0,0,0,0,0,0,0,0,0,0,0,0,0,0,0,0,0,0,0,0,0,0,0,0,0,0,0,0,0,0,0,0,0,0,0,0,0,0,0,0,0,0,0,0,0,0,0,0,0,0,0,0,0,0,0,0,0,0,0,0,0,0,0,0,0,0,0,0,0,0,0,0,0,0,0,0,0,0,0,0,0,0,0,0,0,0,0,0,0,0,0,0,0,0,0,0,0,0,0,0,0,0,0,0,0,0,0,0,0,0,0,0,0,0,0,0,0,0,0,0,0,0,0,0,0,0,0,0,0,0,0,0,0,0,0,0,0,0,0,0,0,0,0,0,0,0,0,0,0,0,0,0,0,0,0,0,0,0,0,0,0,0,0,0,0,0,0,0,0,0,0,0,0,0,0,0,0,0,0,0,0,0,0,0,0,0,0,0,0,0,0,0,0,0,0,0,0,0,0,0,0,0,0,0,0,0,0,0,0,0,0,0,0,0,0,0,0,0,0,0,0,0,0,0,0,0,0,0,0,0,0,0,0,0,0,0,0,0,0,0,0,0,0,0,0,0,0,0,0,0,0,0,0,0,0,0,0,0,0,0,0,0,0,0,0,0,0,0,0,0,0,0,0,0,0,0,0,0,0,0,0,0,0,0,0,0,0,0,0,0,0,0,0,0,500,0,500,0,500,0,0,0,0,0,0,0,800,0,800,0,800,0,400,0,400,0,400,0,600,0,600,0,600,0,0,0,0,0,0,0,0,0,0,0,0,0,921,0,921,0,921,0,42023,0,42023,0,42023,0,38280,0,38280,0,38280,0,69692,0,69692,0,69692,0,42456.5800477813,0,42459,0,42459,0,44228.4875170181,0,44235,0,44235,0,21828.5076714387,0,17171.3378731896,0,26267.1862045839,0,21556.3196029848,0,17241.1177697333,0,25674.2019857808,0,21355.2613428312,0,17350.3380629117,0,25207.0583995976,0,21207.0936210589,0,17453.3547774645,0,24848.0523055966,0,21098.2695435926,0,17557.5696152418,0,24582.6553612315,0,21018.5971626904,0,17637.178422293,0,24370.6036359527,0,20960.4105462485,0,17673.9087808706,0,24203.4398175869,0,20917.9876930607,0,17759.848015464,0,24046.3537480907,0,20887.0970503941,0,17813.6971699056,0,23957.1684859459,0,20864.63286106,0,17840.3347767458,0,23884.516966631,0,20848.3265081776,0,17883.6567747079,0,23799.9098159493,0,20836.5244501156,0,17917.0389343232,0,23755.6913407826,0,20828.0216414748,0,17940.6569651233,0,23720.2970831089,0,20821.9388032187,0,17960.7929218898,0,23675.1550561447,0,20817.6330127207,0,17981.0960907447,0,23648.7619032232,0,20814.6329662282,0,17997.3073079542,0,23638.0961043838,0,20812.5922229209,0,18009.6392042301,0,23626.3273047264,0,20811.2554377606,0,18021.5646866029,0,23619.2014484041,0,20810.4339368965,0,18033.0289233993,0,23606.1115719703,0,20809.988005299,0,18043.6690462374,0,23599.4048224632,0,20809.8140011229,0,18050.1573528361,0,23593.9889616794,0,20809.8349485483,0,18054.806484159,0,23589.545590202,0,20809.99364497,0,18058.6180056217,0,23585.9728958302,0,20810.24759195,0,18063.5997903669,0,23583.099108529,0,20810.5652539451,0,18064.5731028113,0,23580.7669749494,0,20810.9232874051,0,18066.3741710601,0,23578.7728632857,0,20811.3044817477,0,18068.0748861636,0,23575.7455828048,0,20811.6962245312,0,18069.4615365592,0,23576.2199970084,0,20812.0893540316,0,18070.7101431017,0,23575.2479092817,0,20812.4772991242,0,18071.8363378501,0,23574.4647588965,0,20812.8554329508,0,18072.6837970154,0,23573.8337204513,0,20813.2205861666,0,18073.2116504688,0,23573.3251756978,0,20813.570679669,0,18073.640991967,0,23572.9152944715,0,20813.904447034,0,18073.9900282479,0,23572.584897519,0,20814.2212244911,0,18074.2736478462,0,23572.3185444975,0,20814.5207918668,0,18074.5040132872,0,23572.1038020456,0,20814.8032520869,0,18074.6910510665,0,23571.9306560137,0,20815.0689399066,0,18074.8428560617,0,23571.7910392052,0,20815.3183528402,0,18074.9660246103,0,23571.6784517488,0,20815.5520989822,0,18075.0659283307,0,23571.5876558066,0,20815.7708576964,0,18075.1469388646,0,23571.5144299723,0,20815.9753501233,0,18075.212612077,0,23571.4553716241,0,20816.1663171822,0,18075.2658388374,0,23571.4077378249,0,20816.3445033007,0,18075.3089683083,0,23571.3693172189,0,20816.5106445173,0,18075.3439086533,0,23571.3383268622,0,20816.6654599251,0,18075.3722092277,0,23571.3133291193,0,20816.8096456625,0,18075.3951276031,0,23571.2931647093,0,20816.9438708444,0,18075.4136841839,0,23571.2768987556,0,20817.0687749634,0,18075.4287066853,0,23571.2637773086,0,20817.1849664053,0,18075.4408663317,0,23571.2531923017,0,20817.2930217978,0,18075.450707302,0,23571.2446533043,0,20817.3934859828,0,18075.4586706696,0,23571.237764749,0,20817.4868724453,0,18075.4651138574,0,23571.2322075721,0,20817.573664074,0,18075.470326441,0,23571.2277244097,0,20817.6543141553,0,18075.4745429821,0,23571.2241076613,0,20817.7292475274,0,18075.4779534448,0,23571.2211898636,0,20817.7988618354,0,18075.4807116489,0,23571.2188359277,0,20817.863528846,0,18075.4829421262,0,23571.2169368784,0,20817.9235957868,0,18075.4847456826,0,23571.2154048049,0,20817.9793866874,0,18075.486203906,0,23571.2141687882,0,20818.031203702,0,18075.4873828215,0,23571.2131716159,0,20818.0793284012,0,18075.4883358528,0,23571.2123671329,0,20818.1240230231,0,18075.4891062228,0,23571.211718104,0,20818.165531677,0,18075.4897288964,0,23571.2111944897,0,20818.204081495,0,18075.4902321561,0,23571.2107720555,0,20818.2398837298,0,18075.4906388761,0,23571.21043125,0,20818.2731347962,0,18075.4909675552,0,23571.2101563,0,20818.3040172573,0,18075.4912331519,0,23571.2099344802,0,20818.3327007556,0,18075.4914477612,0,23571.209755524,0,20818.3593428893,0,18075.4916211619,0,23571.209611149,0,20818.384090037,0,18075.4917612593,0,23571.2094946729,0,20818.4070781309,0,18075.4918744441,0,23571.2094007049,0,20818.4284333821,0,18075.4919658818,0,23571.2093248955,0,20818.4482729595,0,18075.4920397472,0,23571.2092637359,0,20818.4667056238,0,18075.4920994149,0,23571.2092143952,0,20818.4838323206,0,18075.4921476116,0,23571.2091745896,0,20818.4997467338,0,18075.4921865411,0,23571.2091424766,0
"7",0,0,0,0,0,0,0,0,0,0,0,0,0,0,0,0,0,0,0,0,0,0,0,0,0,0,0,0,0,0,0,0,0,0,0,0,0,0,0,0,0,0,0,0,0,0,0,0,0,0,0,0,0,0,0,0,0,0,0,0,0,0,0,0,0,0,0,0,0,0,0,0,0,0,0,0,0,0,0,0,0,0,0,0,0,0,0,0,0,0,0,0,0,0,0,0,0,0,0,0,0,0,0,0,0,0,0,0,0,0,0,0,0,0,0,0,0,0,0,0,0,0,0,0,0,0,0,0,0,0,0,0,0,0,0,0,0,0,0,0,0,0,0,0,0,0,0,0,0,0,0,0,0,0,0,0,0,0,0,0,0,0,0,0,0,0,0,0,0,0,0,0,0,0,0,0,0,0,0,0,0,0,0,0,0,0,0,0,0,0,0,0,0,0,0,0,0,0,0,0,0,0,0,0,0,0,0,0,0,0,0,0,0,0,0,0,0,0,0,0,0,0,0,0,0,0,0,0,0,0,0,0,0,0,0,0,0,0,0,0,0,0,0,0,0,0,0,0,0,0,0,0,0,0,0,0,0,0,0,0,0,0,0,0,0,0,0,0,0,0,0,0,0,0,0,0,0,0,0,0,0,0,0,0,0,0,0,0,0,0,0,0,0,0,0,0,0,0,0,0,500,0,500,0,500,0,0,0,0,0,0,0,800,0,800,0,800,0,400,0,400,0,400,0,600,0,600,0,600,0,0,0,0,0,0,0,0,0,0,0,0,0,921,0,921,0,921,0,42023,0,42023,0,42023,0,38280,0,38280,0,38280,0,69692,0,69692,0,69692,0,42456.5800477813,0,42459,0,42459,0,44228.4875170181,0,44235,0,44235,0,26194.2092057264,0,20605.6054478275,0,31520.6234455006,0,25375.316196466,0,20303.8595159076,0,30222.3028898422,0,24734.7912305359,0,20116.4939345282,0,29176.5982455825,0,24233.8199522207,0,19961.7150948254,0,28374.0322783873,0,23842.0857583493,0,19866.2699382048,0,27752.0678461447,0,23535.7851276129,0,19775.5460482479,0,27250.5227027252,0,23296.2360006868,0,19676.0324090755,0,26874.4717153447,0,23108.816513128,0,19649.629890168,0,26529.4671725842,0,22962.1133045586,0,19608.8455187551,0,26319.4531361914,0,22847.2311425102,0,19573.0979693472,0,26112.7821718959,0,22757.2395125454,0,19555.3505617166,0,25948.4444806509,0,22686.7355548509,0,19533.1363250249,0,25842.4379670562,0,22631.502773171,0,19517.7253694951,0,25736.372274142,0,22588.2462753411,0,19510.0015013686,0,25662.1329484633,0,22554.387953427,0,19502.7879731912,0,25613.9885908818,0,22527.908077523,0,19496.0774523834,0,25573.0837716365,0,22507.2226427982,0,19493.5140271698,0,25541.7215714781,0,22491.0882216158,0,19494.2691697684,0,25510.9560106478,0,22478.5279949916,0,19494.908225616,0,25489.870314132,0,22468.7741265244,0,19492.6700768353,0,25473.0831043219,0,22461.2227790208,0,19490.949470315,0,25459.7585804855,0,22455.398937706,0,19491.7492961168,0,25449.2167322262,0,22450.9288594551,0,19489.1655309737,0,25440.877345044,0,22447.5184660546,0,19487.8128156877,0,25434.1243459427,0,22444.9363799383,0,19487.2021037699,0,25427.1501976735,0,22443.0005922627,0,19486.729124476,0,25420.7413285489,0,22441.5679772832,0,19486.5513976743,0,25421.6754351047,0,22440.5260399586,0,19486.4972426493,0,25419.0958012107,0,22439.7864176618,0,19486.2717853081,0,25417.0563121428,0,22439.2797609227,0,19486.0135565871,0,25415.4440045892,0,22438.9516991546,0,19485.8114707825,0,25414.1695067189,0,22438.7596605569,0,19485.6532412854,0,25413.1621192878,0,22438.6703648439,0,19485.5292928481,0,25412.3659204361,0,22438.6578461817,0,19485.432156887,0,25411.7366815827,0,22438.7018940971,0,19485.3560034632,0,25411.2394258678,0,22438.7868239787,0,19485.2962785265,0,25410.8464955417,0,22438.9005075374,0,19485.2494223788,0,25410.5360224149,0,22439.0336083466,0,19485.2126509109,0,25410.2907174624,0,22439.1789791859,0,19485.1837854319,0,25410.0969131088,0,22439.3311870616,0,19485.161120167,0,25409.9438055335,0,22439.4861389775,0,19485.1433189908,0,25409.8228552913,0,22439.6407872114,0,19485.1293348806,0,25409.7273132216,0,22439.7928973308,0,19485.1183470428,0,25409.6518454945,0,22439.9408657136,0,19485.1097118005,0,25409.5922370961,0,22440.0835761273,0,19485.1029242065,0,25409.5451573629,0,22440.2202871189,0,19485.0975880216,0,25409.5079746013,0,22440.3505437061,0,19485.0933922231,0,25409.4786095256,0,22440.4741082269,0,19485.0900926131,0,25409.455419399,0,22440.5909062904,0,19485.0874974143,0,25409.4371064501,0,22440.7009846243,0,19485.0854559825,0,25409.4226454867,0,22440.8044782892,0,19485.0838499596,0,25409.4112266845,0,22440.9015852623,0,19485.0825863352,0,25409.4022103752,0,22440.9925468155,0,19485.0815920052,0,25409.3950913173,0,22441.0776324426,0,19485.0808095011,0,25409.3894704643,0,22441.1571283557,0,19485.0801936389,0,25409.3850326575,0,22441.2313287754,0,19485.0797088875,0,25409.3815290014,0,22441.300529406,0,19485.079327303,0,25409.3787629392,0,22441.365022613,0,19485.0790269054,0,25409.3765792532,0,22441.4250939257,0,19485.0787904036,0,25409.3748553748,0,22441.4810195657,0,19485.0786041936,0,25409.3734945205,0,22441.5330647675,0,19485.0784575714,0,25409.3724202699,0,22441.5814827061,0,19485.0783421134,0,25409.3715722836,0,22441.6265138887,0,19485.0782511904,0,25409.3709029205,0,22441.6683858955,0,19485.0781795847,0,25409.370374567,0,22441.7073133823,0,19485.0781231892,0,25409.369957527,0,22441.7434982759,0,19485.0780787708,0,25409.3696283562,0,22441.7771301082,0,19485.0780437841,0,25409.3693685462,0,22441.8083864471,0,19485.0780162253,0,25409.369163486,0,22441.8374333938,0,19485.0779945164,0,25409.3690016413,0,22441.8644261196,0,19485.0779774149,0,25409.3688739071,0,22441.8895094258,0,19485.0779639425,0,25409.3687730962,0,22441.9128183104,0,19485.0779533287,0,25409.3686935352,0,22441.9344785334,0,19485.0779449666,0,25409.368630746,0,22441.9546071704,0,19485.0779383784,0,25409.3685811939,0,22441.9733131516,0,19485.0779331875,0,25409.3685420889,0,22441.99069778,0,19485.0779290974,0,25409.3685112289,0,22442.0068552279,0,19485.0779258747,0,25409.3684868759,0
"8",0,0,0,0,0,0,0,0,0,0,0,0,0,0,0,0,0,0,0,0,0,0,0,0,0,0,0,0,0,0,0,0,0,0,0,0,0,0,0,0,0,0,0,0,0,0,0,0,0,0,0,0,0,0,0,0,0,0,0,0,0,0,0,0,0,0,0,0,0,0,0,0,0,0,0,0,0,0,0,0,0,0,0,0,0,0,0,0,0,0,0,0,0,0,0,0,0,0,0,0,0,0,0,0,0,0,0,0,0,0,0,0,0,0,0,0,0,0,0,0,0,0,0,0,0,0,0,0,0,0,0,0,0,0,0,0,0,0,0,0,0,0,0,0,0,0,0,0,0,0,0,0,0,0,0,0,0,0,0,0,0,0,0,0,0,0,0,0,0,0,0,0,0,0,0,0,0,0,0,0,0,0,0,0,0,0,0,0,0,0,0,0,0,0,0,0,0,0,0,0,0,0,0,0,0,0,0,0,0,0,0,0,0,0,0,0,0,0,0,0,0,0,0,0,0,0,0,0,0,0,0,0,0,0,0,0,0,0,0,0,0,0,0,0,0,0,0,0,0,0,0,0,0,0,0,0,0,0,0,0,0,0,0,0,0,0,0,0,0,0,0,0,0,0,0,0,0,0,0,0,0,0,0,0,0,0,0,0,0,0,0,0,0,0,0,0,0,0,0,0,500,0,500,0,500,0,0,0,0,0,0,0,800,0,800,0,800,0,400,0,400,0,400,0,600,0,600,0,600,0,0,0,0,0,0,0,0,0,0,0,0,0,921,0,921,0,921,0,42023,0,42023,0,42023,0,38280,0,38280,0,38280,0,69692,0,69692,0,69692,0,42456.5800477813,0,42459,0,42459,0,44228.4875170181,0,44235,0,44235,0,30559.9107400141,0,24039.8730224654,0,36774.0606864174,0,29030.2236809087,0,23238.1073261579,0,34569.7799446747,0,27838.6043356315,0,22664.7438540404,0,32843.2047218149,0,26911.6082419769,0,22193.3923413231,0,31494.420838776,0,26191.410077985,0,21860.194054971,0,30453.6185695418,0,25632.5007129569,0,21561.4574504883,0,29647.6369561061,0,25199.1544485857,0,21326.5846183945,0,29016.7699838615,0,24863.4147053591,0,21193.6552122559,0,28516.0442732908,0,24603.4665870414,0,21035.6104246696,0,28168.6176177243,0,24402.3241343615,0,20942.2077277722,0,27848.0484709906,0,24246.7809992404,0,20861.3927328497,0,27629.2753533835,0,24126.5796323697,0,20799.7584450215,0,27450.4982517494,0,24033.7582625468,0,20754.1147697091,0,27306.6490156263,0,23962.1401121575,0,20717.9416224537,0,27204.2314340449,0,23906.9350755824,0,20690.0658830305,0,27139.1816096968,0,23864.4296664588,0,20670.7691611921,0,27081.9418033629,0,23831.7459411312,0,20659.4878699065,0,27030.9849283148,0,23806.6541851197,0,20649.4460934456,0,26994.9996468038,0,23787.4274428322,0,20639.4460476849,0,26966.9596059967,0,23772.7285846352,0,20631.7427316933,0,26945.2332606962,0,23761.5226606389,0,20627.2838057975,0,26928.4086821369,0,23753.0088983019,0,20621.2679395387,0,26915.273324342,0,23746.5679552112,0,20617.7075814423,0,26903.9894714755,0,23741.7210154129,0,20614.9897836892,0,26893.4071345225,0,23738.098078092,0,20613.0775859929,0,26888.3467470941,0,23735.4133789602,0,20611.7302573369,0,26886.7936263592,0,23733.4463447211,0,20610.4590162806,0,26883.1821485659,0,23732.0268386064,0,20609.4023808469,0,26880.3893737572,0,23731.0237329145,0,20608.587299616,0,26878.2300240737,0,23730.3360604328,0,20607.9585365497,0,26876.560662949,0,23729.8861643619,0,20607.4734929448,0,26875.2702709046,0,23729.6143966137,0,20607.0993135868,0,26874.2729369669,0,23729.4750154638,0,20606.8106565356,0,26873.5021928076,0,23729.4330120105,0,20606.587974005,0,26872.9066218201,0,23729.4616557702,0,20606.4161869843,0,26872.4464572706,0,23729.5405969556,0,20606.2836632745,0,26872.0909474587,0,23729.6543995975,0,20606.1814293907,0,26871.8163154724,0,23729.7914080526,0,20606.102562751,0,26871.6041797299,0,23729.9428714334,0,20606.0417228755,0,26871.4403315059,0,23730.102267543,0,20605.9947897783,0,26871.3137889507,0,23730.2647810947,0,20605.9585850285,0,26871.2160652025,0,23730.4269012245,0,20605.9306565726,0,26871.1406022396,0,23730.5861112196,0,20605.9091127376,0,26871.082333011,0,23730.7406495157,0,20605.8924941712,0,26871.0373428317,0,23730.8893257598,0,20605.8796750474,0,26871.002607577,0,23731.0313794066,0,20605.8697868481,0,26870.9757912836,0,23731.1663711586,0,20605.862159562,0,26870.9550896977,0,23731.2940997563,0,20605.8562763197,0,26870.9391093532,0,23731.4145383272,0,20605.8517383955,0,26870.9267741223,0,23731.5277858151,0,20605.8482382062,0,26870.9172530036,0,23731.6340300322,0,20605.845538481,0,26870.9099043279,0,23731.7335196578,0,20605.8434561903,0,26870.9042326519,0,23731.826543121,0,20605.8418501481,0,26870.8998554585,0,23731.9134127716,0,20605.8406114474,0,26870.8964774342,0,23731.9944531081,0,20605.8396560818,0,26870.8938706013,0,23732.0699921123,0,20605.8389192527,0,26870.8918589733,0,23732.1403549589,0,20605.8383509786,0,26870.890306705,0,23732.2058595328,0,20605.8379127072,0,26870.8891089413,0,23732.266813321,0,20605.8375747028,0,26870.8881847512,0,23732.3235113428,0,20605.83731403,0,26870.8874716722,0,23732.3762348602,0,20605.8371129988,0,26870.8869214971,0,23732.4252506714,0,20605.8369579652,0,26870.8864970228,0,23732.4708108362,0,20605.8368384063,0,26870.8861695392,0,23732.5131527147,0,20605.8367462059,0,26870.8859168912,0,23732.552499234,0,20605.8366751044,0,26870.8857219827,0,23732.5890593119,0,20605.8366202743,0,26870.885571622,0,23732.6230283901,0,20605.8365779924,0,26870.8854556302,0,23732.6545890348,0,20605.8365453874,0,26870.8853661534,0,23732.683911579,0,20605.8365202449,0,26870.8852971322,0,23732.711154782,0,20605.8365008571,0,26870.8852438913,0,23732.7364664928,0,20605.836485907,0,26870.8852028237,0,23732.7599843051,0,20605.836474379,0,26870.8851711468,0,23732.7818361943,0,20605.8364654899,0,26870.8851467137,0,23732.8021411338,0,20605.8364586356,0,26870.8851278683,0,23732.8210096846,0,20605.8364533505,0,26870.885113333,0,23732.8385445562,0,20605.8364492753,0,26870.8851021222,0,23732.8548411391,0,20605.836446133,0,26870.8850934758,0
"9",0,0,0,0,0,0,0,0,0,0,0,0,0,0,0,0,0,0,0,0,0,0,0,0,0,0,0,0,0,0,0,0,0,0,0,0,0,0,0,0,0,0,0,0,0,0,0,0,0,0,0,0,0,0,0,0,0,0,0,0,0,0,0,0,0,0,0,0,0,0,0,0,0,0,0,0,0,0,0,0,0,0,0,0,0,0,0,0,0,0,0,0,0,0,0,0,0,0,0,0,0,0,0,0,0,0,0,0,0,0,0,0,0,0,0,0,0,0,0,0,0,0,0,0,0,0,0,0,0,0,0,0,0,0,0,0,0,0,0,0,0,0,0,0,0,0,0,0,0,0,0,0,0,0,0,0,0,0,0,0,0,0,0,0,0,0,0,0,0,0,0,0,0,0,0,0,0,0,0,0,0,0,0,0,0,0,0,0,0,0,0,0,0,0,0,0,0,0,0,0,0,0,0,0,0,0,0,0,0,0,0,0,0,0,0,0,0,0,0,0,0,0,0,0,0,0,0,0,0,0,0,0,0,0,0,0,0,0,0,0,0,0,0,0,0,0,0,0,0,0,0,0,0,0,0,0,0,0,0,0,0,0,0,0,0,0,0,0,0,0,0,0,0,0,0,0,0,0,0,0,0,0,0,0,0,0,0,0,0,0,0,0,0,0,0,0,0,0,0,0,500,0,500,0,500,0,0,0,0,0,0,0,800,0,800,0,800,0,400,0,400,0,400,0,600,0,600,0,600,0,0,0,0,0,0,0,0,0,0,0,0,0,921,0,921,0,921,0,42023,0,42023,0,42023,0,38280,0,38280,0,38280,0,69692,0,69692,0,69692,0,42456.5800477813,0,42459,0,42459,0,44228.4875170181,0,44235,0,44235,0,34925.6122743018,0,27474.1405971033,0,42027.4979273342,0,32521.0420563128,0,26043.861200484,0,38716.1074602949,0,30675.8966628372,0,25002.2583763988,0,36173.8269887001,0,29263.0733101566,0,24181.8603057859,0,34229.3493658966,0,28183.3848907956,0,23546.9259032612,0,32739.7313246294,0,27359.6982107141,0,23042.9829724339,0,31618.7773320941,0,26732.2586132776,0,22691.0148814252,0,30738.0211490653,0,26254.9438526367,0,22408.3043591028,0,30086.4587872565,0,25892.2685304847,0,22178.8527926697,0,29597.8686009438,0,25617.0044393036,0,22019.3671246608,0,29206.2268830139,0,25408.3053093504,0,21889.6557737179,0,28927.0176450672,0,25250.2399663702,0,21791.3774928093,0,28701.1549616821,0,25130.6519019497,0,21721.9156669633,0,28536.282724944,0,25040.2768301122,0,21669.5510425897,0,28427.6751526333,0,24972.0623958007,0,21630.1815709851,0,28339.9393655089,0,24920.6452587771,0,21604.808522043,0,28266.4279467861,0,24881.9500930655,0,21583.9043642827,0,28214.1871350341,0,24852.8826734927,0,21565.9488899616,0,28174.4346751401,0,24831.095354684,0,21552.7165051496,0,28144.3268395588,0,24814.8081143864,0,21542.8064649184,0,28121.5322086703,0,24802.6721586941,0,21534.4269163787,0,28104.0794265438,0,24793.6660739893,0,21528.5932087468,0,28088.1011562304,0,24787.0168309667,0,21524.2700180951,0,28075.5258997901,0,24782.139741519,0,21521.2754490098,0,28069.0119133307,0,24778.5928538298,0,21518.8205166315,0,28068.2432907942,0,24776.0423359314,0,21516.815212696,0,28063.9767865802,0,24774.2362151865,0,21515.3019095252,0,28060.7525623165,0,24772.9844670912,0,21514.1599884376,0,28058.3164483024,0,24772.1439254469,0,21513.2983759097,0,28056.4761206008,0,24771.6068514643,0,21512.6483135734,0,28055.0860937113,0,24771.2922781344,0,21512.1578955888,0,28054.0363421843,0,24771.139458596,0,21511.7879418529,0,28053.2436776171,0,24771.1029088894,0,21511.5088807472,0,28052.6452165026,0,24771.1486584352,0,21511.2983947334,0,28052.1934338162,0,24771.2514150126,0,21511.1396423168,0,28051.8524186728,0,24771.3924219678,0,21511.0199154282,0,28051.5950408142,0,24771.5578392413,0,21510.9296257025,0,28051.4008069768,0,24771.7375206587,0,21510.8615391655,0,28051.2542395997,0,24771.9240909043,0,21510.810198514,0,28051.1436508908,0,24772.1122490772,0,21510.7714870474,0,28051.0602160478,0,24772.2982435125,0,21510.7422995505,0,28050.9972727783,0,24772.4794760209,0,21510.7202939174,0,28050.9497919642,0,24772.6542038991,0,21510.7037037236,0,28050.9139777247,0,24772.8213157778,0,21510.6911968038,0,28050.8869652974,0,24772.9801632164,0,21510.6817685497,0,28050.8665928476,0,24773.1304343704,0,21510.6746614093,0,28050.8512291396,0,24773.2720593971,0,21510.6693041604,0,28050.8396434137,0,24773.405139793,0,21510.6652661009,0,28050.8309071433,0,24773.5298957649,0,21510.6622224973,0,28050.8243198711,0,24773.6466271801,0,21510.6599285229,0,28050.8193532284,0,24773.7556847339,0,21510.658199604,0,28050.8156086839,0,24773.8574487937,0,21510.6568965969,0,28050.8127856588,0,24773.952314005,0,21510.6559146103,0,28050.8106574659,0,24774.0406782137,0,21510.655174577,0,28050.8090531546,0,24774.1229346136,0,21510.6546168976,0,28050.8078438147,0,24774.199466299,0,21510.6541966496,0,28050.8069322428,0,24774.2706426027,0,21510.6538799736,0,28050.8062451474,0,24774.3368167536,0,21510.6536413501,0,28050.8057272696,0,24774.3983245037,0,21510.6534615456,0,28050.8053369483,0,24774.4554834616,0,21510.6533260651,0,28050.8050427754,0,24774.5085929354,0,21510.6532239845,0,28050.8048210737,0,24774.5579341372,0,21510.6531470716,0,28050.8046539948,0,24774.6037706391,0,21510.6530891226,0,28050.8045280846,0,24774.6463489992,0,21510.6530454626,0,28050.8044332016,0,24774.6858994967,0,21510.653012569,0,28050.8043617022,0,24774.7226369313,0,21510.6529877874,0,28050.8043078249,0,24774.7567614549,0,21510.6529691175,0,28050.8042672276,0,24774.7884594117,0,21510.6529550523,0,28050.8042366377,0,24774.8179041691,0,21510.6529444564,0,28050.8042135889,0,24774.8452569303,0,21510.6529364742,0,28050.8041962226,0,24774.8706675167,0,21510.652930461,0,28050.8041831381,0,24774.8942751188,0,21510.6529259313,0,28050.8041732799,0,24774.9162090098,0,21510.652922519,0,28050.8041658527,0,24774.9365892215,0,21510.6529199487,0,28050.804160257,0,24774.9555271825,0,21510.6529180125,0,28050.8041560414,0,24774.9731263171,0,21510.652916554,0,28050.8041528655,0,24774.989482608,0,21510.6529154554,0,28050.8041504729,0
"10",0,0,0,0,0,0,0,0,0,0,0,0,0,0,0,0,0,0,0,0,0,0,0,0,0,0,0,0,0,0,0,0,0,0,0,0,0,0,0,0,0,0,0,0,0,0,0,0,0,0,0,0,0,0,0,0,0,0,0,0,0,0,0,0,0,0,0,0,0,0,0,0,0,0,0,0,0,0,0,0,0,0,0,0,0,0,0,0,0,0,0,0,0,0,0,0,0,0,0,0,0,0,0,0,0,0,0,0,0,0,0,0,0,0,0,0,0,0,0,0,0,0,0,0,0,0,0,0,0,0,0,0,0,0,0,0,0,0,0,0,0,0,0,0,0,0,0,0,0,0,0,0,0,0,0,0,0,0,0,0,0,0,0,0,0,0,0,0,0,0,0,0,0,0,0,0,0,0,0,0,0,0,0,0,0,0,0,0,0,0,0,0,0,0,0,0,0,0,0,0,0,0,0,0,0,0,0,0,0,0,0,0,0,0,0,0,0,0,0,0,0,0,0,0,0,0,0,0,0,0,0,0,0,0,0,0,0,0,0,0,0,0,0,0,0,0,0,0,0,0,0,0,0,0,0,0,0,0,0,0,0,0,0,0,0,0,0,0,0,0,0,0,0,0,0,0,0,0,0,0,0,0,0,0,0,0,0,0,0,0,0,0,0,0,0,0,0,0,0,0,500,0,500,0,500,0,0,0,0,0,0,0,800,0,800,0,800,0,400,0,400,0,400,0,600,0,600,0,600,0,0,0,0,0,0,0,0,0,0,0,0,0,921,0,921,0,921,0,42023,0,42023,0,42023,0,38280,0,38280,0,38280,0,69692,0,69692,0,69692,0,42456.5800477813,0,42459,0,42459,0,44228.4875170181,0,44235,0,44235,0,39291.3138085896,0,30908.4081717412,0,47280.935168251,0,35847.7713226783,0,28721.121138886,0,42664.7343555599,0,33255.864216872,0,27136.2080565539,0,39197.2572691618,0,31310.1460815869,0,25909.306819532,0,36588.4746695127,0,29852.9547563582,0,24987.9211749779,0,34646.2517587444,0,28763.9144189164,0,24255.6674539911,0,33212.3711617555,0,27951.5301696846,0,23765.5474287061,0,32094.8955419504,0,27346.5339106849,0,23366.8178848678,0,31329.936882887,0,26896.6664294192,0,23076.760100757,0,30702.4578360444,0,26562.6195193134,0,22858.6705424212,0,30263.7826860234,0,26314.9033264904,0,22696.0165464378,0,29926.3858146852,0,26131.4435082915,0,22577.841777653,0,29682.8589755944,0,25995.7484351344,0,22492.4060554721,0,29509.4776457952,0,25895.5178498476,0,22427.9455648684,0,29391.4623840569,0,25821.5909138413,0,22385.172588267,0,29289.801173214,0,25767.153566649,0,22352.5550419624,0,29218.6828167559,0,25727.1429983242,0,22325.898391783,0,29165.8380190379,0,25697.8013099827,0,22308.6501152546,0,29126.7325050797,0,25676.3416839161,0,22291.7699962329,0,29097.756329948,0,25660.6991462729,0,22280.9616589293,0,29075.5175907152,0,25649.3447705284,0,22273.0488075246,0,29056.1045968165,0,25641.1473561966,0,22267.4791276088,0,29041.7629925779,0,25635.270569796,0,22263.4414182693,0,29031.171186778,0,25631.0965330195,0,22260.1261091166,0,29033.9451519476,0,25628.1691079816,0,22257.6814266903,0,29029.2439407959,0,25626.1518349252,0,22255.8790108498,0,29025.7743641187,0,25624.7967585169,0,22254.5503138119,0,29023.214314535,0,25623.9213383958,0,22253.5709607373,0,29021.3257457871,0,25623.3913571094,0,22252.8491911786,0,29019.9327931175,0,25623.1082741329,0,22252.3173192479,0,29018.9055695113,0,25622.9998738613,0,22251.9254259413,0,29018.1481717231,0,25623.0133526381,0,22251.6367014211,0,29017.5898065691,0,25623.1102108679,0,22251.4240065085,0,29017.1782285399,0,25623.2624804244,0,22251.267334823,0,29016.874888579,0,25623.4499394241,0,22251.1519400611,0,29016.6513490937,0,25623.6580568143,0,22251.0669543586,0,29016.4866355398,0,25623.8764762173,0,22251.0043691487,0,29016.3652804735,0,25624.0978980963,0,22250.9582835352,0,29016.2758794009,0,25624.3172560503,0,22250.9243500497,0,29016.210024769,0,25624.5311102344,0,22250.8993660183,0,29016.1615192636,0,25624.7372010133,0,22250.8809723259,0,29016.1257953521,0,25624.9341208266,0,22250.8674313803,0,29016.099487086,0,25625.1210732366,0,22250.8574634736,0,29016.0801142798,0,25625.2976962523,0,22250.8501261953,0,29016.0658496129,0,25625.4639330206,0,22250.8447255813,0,29016.0553469094,0,25625.6199374101,0,22250.8407506519,0,29016.047614543,0,25625.7660052818,0,22250.8378251876,0,29016.0419221228,0,25625.9025246575,0,22250.8356722069,0,29016.0377317181,0,25626.0299397796,0,22250.8340878014,0,29016.0346471762,0,25626.1487253697,0,22250.8329218671,0,29016.0323767773,0,25626.2593683654,0,22250.8320639126,0,29016.0307057194,0,25626.3623551307,0,22250.8314326103,0,29016.0294758481,0,25626.4581626624,0,22250.8309681011,0,29016.0285707252,0,25626.5472527053,0,22250.8306263297,0,29016.0279046303,0,25626.630067976,0,22250.8303748739,0,29016.0274144612,0,25626.7070299077,0,22250.8301898731,0,29016.0270537679,0,25626.7785374828,0,22250.830053769,0,29016.0267883606,0,25626.8449668369,0,22250.829953641,0,29016.0265930744,0,25626.906671402,0,22250.8298799818,0,29016.0264493884,0,25626.9639824194,0,22250.829825796,0,29016.0263436721,0,25627.0172096987,0,22250.8297859364,0,29016.0262658944,0,25627.0666425328,0,22250.8297566161,0,29016.0262086737,0,25627.1125507054,0,22250.8297350491,0,29016.0261665778,0,25627.1551855431,0,22250.8297191854,0,29016.02613561,0,25627.1947809809,0,22250.8297075171,0,29016.026112829,0,25627.2315546166,0,22250.8296989349,0,29016.0260960712,0,25627.26570874,0,22250.8296926227,0,29016.0260837442,0,25627.2974313248,0,22250.8296879802,0,29016.0260746769,0,25627.3268969778,0,22250.8296845657,0,29016.0260680074,0,25627.354267841,0,22250.8296820546,0,29016.0260631018,0,25627.3796944451,0,22250.8296802078,0,29016.0260594936,0,25627.4033165133,0,22250.8296788496,0,29016.0260568398,0,25627.4252637167,0,22250.8296778508,0,29016.0260548879,0,25627.4456563826,0,22250.8296771163,0,29016.0260534524,0,25627.4646061563,0,22250.8296765762,0,29016.0260523967,0,25627.4822166199,0,22250.8296761789,0,29016.0260516202,0,25627.4985838686,0,22250.8296758868,0,29016.0260510492,0
"11",0,0,0,0,0,0,0,0,0,0,0,0,0,0,0,0,0,0,0,0,0,0,0,0,0,0,0,0,0,0,0,0,0,0,0,0,0,0,0,0,0,0,0,0,0,0,0,0,0,0,0,0,0,0,0,0,0,0,0,0,0,0,0,0,0,0,0,0,0,0,0,0,0,0,0,0,0,0,0,0,0,0,0,0,0,0,0,0,0,0,0,0,0,0,0,0,0,0,0,0,0,0,0,0,0,0,0,0,0,0,0,0,0,0,0,0,0,0,0,0,0,0,0,0,0,0,0,0,0,0,0,0,0,0,0,0,0,0,0,0,0,0,0,0,0,0,0,0,0,0,0,0,0,0,0,0,0,0,0,0,0,0,0,0,0,0,0,0,0,0,0,0,0,0,0,0,0,0,0,0,0,0,0,0,0,0,0,0,0,0,0,0,0,0,0,0,0,0,0,0,0,0,0,0,0,0,0,0,0,0,0,0,0,0,0,0,0,0,0,0,0,0,0,0,0,0,0,0,0,0,0,0,0,0,0,0,0,0,0,0,0,0,0,0,0,0,0,0,0,0,0,0,0,0,0,0,0,0,0,0,0,0,0,0,0,0,0,0,0,0,0,0,0,0,0,0,0,0,0,0,0,0,0,0,0,0,0,0,0,0,0,0,0,0,0,0,0,0,0,0,500,0,500,0,500,0,0,0,0,0,0,0,800,0,800,0,800,0,400,0,400,0,400,0,600,0,600,0,600,0,0,0,0,0,0,0,0,0,0,0,0,0,921,0,921,0,921,0,42023,0,42023,0,42023,0,38280,0,38280,0,38280,0,69692,0,69692,0,69692,0,42456.5800477813,0,42459,0,42459,0,44228.4875170181,0,44235,0,44235,0,43657.0153428773,0,34342.6757463792,0,52534.3724091677,0,39010.4114800052,0,31269.8871413639,0,46421.1285065028,0,35587.7030024553,0,29054.285076044,0,41924.5369112208,0,33074.0735860927,0,27400.2226313977,0,38618.9585504069,0,31232.9297265025,0,26191.8810110055,0,36222.3475610825,0,29887.5184402441,0,25244.4145762744,0,34479.1235019625,0,28906.4310938232,0,24634.6406926777,0,33150.0511141209,0,28192.3725735723,0,24126.6331679941,0,32258.5880547359,0,27673.5648561095,0,23782.2379682333,0,31548.1142024107,0,27297.2234797495,0,23521.1971651055,0,31074.1104320757,0,27024.6406844701,0,23336.6203693936,0,30709.6712291981,0,26827.5013294325,0,23203.1457659926,0,30454.2056566768,0,26685.1370503155,0,23103.6968749248,0,30289.4276239571,0,26582.4893233371,0,23041.6101310339,0,30155.6447327683,0,26508.6046417872,0,22995.4083385366,0,30061.1423693541,0,26455.5267667374,0,22958.5242263014,0,29992.5956308828,0,26417.4837738728,0,22934.3863452032,0,29943.0578926286,0,26390.293006268,0,22912.8018772566,0,29907.1978643919,0,26370.9264987771,0,22898.911585167,0,29879.6662062789,0,26357.1942053678,0,22888.9490138447,0,29857.3182561446,0,26347.5134750763,0,22882.1793442449,0,29841.2027792488,0,26340.7415309784,0,22877.0850386536,0,29829.5857566144,0,26336.0538826217,0,22873.2298736336,0,29832.723194998,0,26332.8561715426,0,22870.4546951038,0,29827.6929973908,0,26330.720316618,0,22868.4573586261,0,29824.0697772365,0,26329.3382992068,0,22867.0201145799,0,29821.4606466065,0,26328.4887396404,0,22865.9860807926,0,29819.5822069942,0,26328.0127405347,0,22865.2422584391,0,29818.2301130051,0,26327.7964379961,0,22864.7072768393,0,29817.2570704745,0,26327.7584048657,0,22864.322553999,0,29816.5569409474,0,26327.8405613271,0,22864.0459231688,0,29816.0532637552,0,26328.0016193927,0,22863.8470389626,0,29815.6909718527,0,26328.2123570301,0,22863.7040671501,0,29815.4304152654,0,26328.4522127982,0,22863.6013000783,0,29815.2430509939,0,26328.7068331347,0,22863.5274393234,0,29815.1083357906,0,26328.9663066412,0,22863.4743591605,0,29815.0114868145,0,26329.2238936155,0,22863.4362164251,0,29814.9418682244,0,26329.4751124772,0,22863.4088098565,0,29814.8918290553,0,26329.7170833022,0,22863.3891190853,0,29814.8558663547,0,26329.9480565187,0,22863.3749729482,0,29814.830022678,0,26330.1670749094,0,22863.3648108875,0,29814.8114524024,0,26330.3737315517,0,22863.3575113377,0,29814.7981096161,0,26330.5679967778,0,22863.3522683094,0,29814.7885235423,0,26330.7500947661,0,22863.3485026455,0,29814.7816369743,0,26330.9204158052,0,22863.3457982177,0,29814.7766900598,0,26331.0794541778,0,22863.3438560581,0,29814.7731367179,0,26331.2277644332,0,22863.3424613887,0,29814.7705845336,0,26331.3659308415,0,22863.3414599245,0,29814.7687515405,0,26331.4945462839,0,22863.3407408424,0,29814.7674351501,0,26331.6141978873,0,22863.3402245435,0,29814.7664898174,0,26331.7254574647,0,22863.3398538589,0,29814.7658109859,0,26331.8288753706,0,22863.3395877316,0,29814.7653235499,0,26331.9249767707,0,22863.3393966775,0,29814.7649735626,0,26332.0142596089,0,22863.3392595242,0,29814.7647222772,0,26332.0971937562,0,22863.3391610687,0,29814.7645418661,0,26332.1742209731,0,22863.3390903951,0,29814.764412345,0,26332.2457554227,0,22863.3390396656,0,29814.7643193625,0,26332.3121845455,0,22863.3390032533,0,29814.7642526136,0,26332.3738701629,0,22863.3389771184,0,29814.7642046986,0,26332.4311497156,0,22863.3389583605,0,29814.7641703046,0,26332.4843375684,0,22863.3389448979,0,29814.7641456169,0,26332.5337263388,0,22863.338935236,0,29814.7641278969,0,26332.5795882137,0,22863.3389283019,0,29814.7641151786,0,26332.6221762358,0,22863.3389233257,0,29814.7641060504,0,26332.6617255444,0,22863.3389197547,0,29814.764099499,0,26332.6984545622,0,22863.338917192,0,29814.7640947973,0,26332.7325661232,0,22863.3389153531,0,29814.7640914231,0,26332.764248539,0,22863.3389140335,0,29814.7640890016,0,26332.7936766039,0,22863.3389130867,0,29814.7640872638,0,26332.8210125387,0,22863.3389124072,0,29814.7640860169,0,26332.846406875,0,22863.3389119197,0,29814.764085122,0,26332.8699992824,0,22863.33891157,0,29814.7640844799,0,26332.8919193416,0,22863.338911319,0,29814.7640840192,0,26332.9122872646,0,22863.3389111389,0,29814.7640836886,0,26332.9312145667,0,22863.3389110097,0,29814.7640834514,0,26332.9488046916,0,22863.338910917,0,29814.7640832812,0,26332.9651535934,0,22863.3389108505,0,29814.7640831591,0
"12",0,0,0,0,0,0,0,0,0,0,0,0,0,0,0,0,0,0,0,0,0,0,0,0,0,0,0,0,0,0,0,0,0,0,0,0,0,0,0,0,0,0,0,0,0,0,0,0,0,0,0,0,0,0,0,0,0,0,0,0,0,0,0,0,0,0,0,0,0,0,0,0,0,0,0,0,0,0,0,0,0,0,0,0,0,0,0,0,0,0,0,0,0,0,0,0,0,0,0,0,0,0,0,0,0,0,0,0,0,0,0,0,0,0,0,0,0,0,0,0,0,0,0,0,0,0,0,0,0,0,0,0,0,0,0,0,0,0,0,0,0,0,0,0,0,0,0,0,0,0,0,0,0,0,0,0,0,0,0,0,0,0,0,0,0,0,0,0,0,0,0,0,0,0,0,0,0,0,0,0,0,0,0,0,0,0,0,0,0,0,0,0,0,0,0,0,0,0,0,0,0,0,0,0,0,0,0,0,0,0,0,0,0,0,0,0,0,0,0,0,0,0,0,0,0,0,0,0,0,0,0,0,0,0,0,0,0,0,0,0,0,0,0,0,0,0,0,0,0,0,0,0,0,0,0,0,0,0,0,0,0,0,0,0,0,0,0,0,0,0,0,0,0,0,0,0,0,0,0,0,0,0,0,0,0,0,0,0,0,0,0,0,0,0,0,0,0,0,0,0,500,0,500,0,500,0,0,0,0,0,0,0,800,0,800,0,800,0,400,0,400,0,400,0,600,0,600,0,600,0,0,0,0,0,0,0,0,0,0,0,0,0,921,0,921,0,921,0,42023,0,42023,0,42023,0,38280,0,38280,0,38280,0,69692,0,69692,0,69692,0,42456.5800477813,0,42459,0,42459,0,44228.4875170181,0,44235,0,44235,0,48022.716877165,0,37776.9433210171,0,57787.8096500845,0,42008.9625282936,0,33690.1592079177,0,49980.6723863839,0,37680.6090243061,0,30779.4084346255,0,44366.707262898,0,34575.418958497,0,28683.1486946179,0,40335.7631430727,0,32354.0486662816,0,27169.6234351136,0,37489.3105997814,0,30768.9544700488,0,26040.17314224,0,35437.0681309339,0,29640.4623858888,0,25293.9344299125,0,33981.3727389642,0,28838.7060765689,0,24716.6856109098,0,32950.2262735407,0,28270.1640766971,0,24324.199686731,0,32217.8284537632,0,27867.7089289856,0,24038.2194538369,0,31691.1996486932,0,27583.2989336335,0,23839.1447280696,0,31325.7324580267,0,27382.6403758709,0,23701.1686727854,0,31082.1976736144,0,27241.3086022705,0,23606.2701171856,0,30909.1876272759,0,27141.9421448787,0,23543.094321213,0,30782.116281288,0,27072.2213272137,0,23493.3446310283,0,30693.553041786,0,27023.4172135476,0,23460.83106526,0,30631.0534849899,0,26989.3531833257,0,23433.7335958054,0,30586.9204728016,0,26965.6637575212,0,23416.3338869178,0,30553.7640037905,0,26949.2667831735,0,23404.2034305105,0,30528.0065706711,0,26937.9882850314,0,23396.0793923371,0,30509.8871183888,0,26930.2962693749,0,23389.999466048,0,30497.1458942727,0,26925.1121081813,0,23385.639701246,0,30495.7521274181,0,26921.6770593585,0,23382.5780891035,0,30495.06348481,0,26919.457907732,0,23380.4286258408,0,30491.313591186,0,26918.0803242333,0,23378.9198961243,0,30488.6798249004,0,26917.2818402502,0,23377.8611245624,0,30486.830457653,0,26916.8786881571,0,23377.1182602465,0,30485.5321845652,0,26916.7424348951,0,23376.5971382554,0,30484.620983545,0,26916.7835262845,0,23376.2316296477,0,30483.9815800891,0,26916.9397045663,0,23375.975305693,0,30483.532984487,0,26917.1678601886,0,23375.7955764511,0,30483.2183109452,0,26917.438302379,0,23375.6695706893,0,30482.9976141774,0,26917.7307324283,0,23375.5812407458,0,30482.8428512029,0,26918.0314150475,0,23375.5193287473,0,30482.7343391743,0,26918.3311923664,0,23375.4759382976,0,30482.6582658524,0,26918.6240903571,0,23375.4455316314,0,30482.6049404465,0,26918.9063416171,0,23375.4242256561,0,30482.5675649868,0,26919.1757006678,0,23375.4092979043,0,30482.5413715485,0,26919.4309646968,0,23375.3988398717,0,30482.5230165301,0,26919.6716385348,0,23375.3915138157,0,30482.510155492,0,26919.8977008624,0,23375.3863821659,0,30482.501144794,0,26920.1094414326,0,23375.3827878843,0,30482.494832253,0,26920.307348089,0,23375.3802705718,0,30482.4904102878,0,26920.4920286806,0,23375.3785076478,0,30482.4873129141,0,26920.6641574125,0,23375.3772731143,0,30482.4851435083,0,26920.8244382912,0,23375.3764086514,0,30482.4836241563,0,26920.9735805117,0,23375.375803359,0,30482.4825601407,0,26921.1122821726,0,23375.3753795594,0,30482.4818150472,0,26921.2412197831,0,23375.3750828484,0,30482.4812933143,0,26921.3610417856,0,23375.3748751252,0,30482.4809280044,0,26921.4723648464,0,23375.3747297079,0,30482.4806722333,0,26921.5757720433,0,23375.3746279126,0,30482.4804931648,0,26921.6718123397,0,23375.3745566568,0,30482.4803678027,0,26921.7610009168,0,23375.3745067804,0,30482.4802800435,0,26921.8438200681,0,23375.3744718702,0,30482.4802186107,0,26921.920720448,0,23375.3744474362,0,30482.4801756087,0,26921.9921225316,0,23375.3744303353,0,30482.4801455091,0,26922.0584181853,0,23375.3744183672,0,30482.4801244416,0,26922.1199722831,0,23375.3744099914,0,30482.4801096964,0,26922.1771243194,0,23375.37440413,0,30482.4800993765,0,26922.2301899909,0,23375.3744000282,0,30482.4800921541,0,26922.2794627262,0,23375.3743971579,0,30482.4800870997,0,26922.3252151515,0,23375.3743951495,0,30482.4800835626,0,26922.3677004842,0,23375.3743937441,0,30482.4800810874,0,26922.407153854,0,23375.3743927607,0,30482.4800793553,0,26922.4437935464,0,23375.3743920727,0,30482.4800781433,0,26922.4778221731,0,23375.3743915912,0,30482.4800772952,0,26922.5094277686,0,23375.3743912544,0,30482.4800767018,0,26922.5387848173,0,23375.3743910188,0,30482.4800762866,0,26922.5660552129,0,23375.3743908539,0,30482.4800759961,0,26922.5913891539,0,23375.3743907386,0,30482.4800757929,0,26922.6149259794,0,23375.3743906579,0,30482.4800756507,0,26922.6367949463,0,23375.3743906014,0,30482.4800755512,0,26922.6571159545,0,23375.3743905619,0,30482.4800754816,0,26922.6760002202,0,23375.3743905343,0,30482.4800754329,0,26922.6935509032,0,23375.374390515,0,30482.4800753988,0,26922.7098636892,0,23375.3743905015,0,30482.480075375,0
"13",0,0,0,0,0,0,0,0,0,0,0,0,0,0,0,0,0,0,0,0,0,0,0,0,0,0,0,0,0,0,0,0,0,0,0,0,0,0,0,0,0,0,0,0,0,0,0,0,0,0,0,0,0,0,0,0,0,0,0,0,0,0,0,0,0,0,0,0,0,0,0,0,0,0,0,0,0,0,0,0,0,0,0,0,0,0,0,0,0,0,0,0,0,0,0,0,0,0,0,0,0,0,0,0,0,0,0,0,0,0,0,0,0,0,0,0,0,0,0,0,0,0,0,0,0,0,0,0,0,0,0,0,0,0,0,0,0,0,0,0,0,0,0,0,0,0,0,0,0,0,0,0,0,0,0,0,0,0,0,0,0,0,0,0,0,0,0,0,0,0,0,0,0,0,0,0,0,0,0,0,0,0,0,0,0,0,0,0,0,0,0,0,0,0,0,0,0,0,0,0,0,0,0,0,0,0,0,0,0,0,0,0,0,0,0,0,0,0,0,0,0,0,0,0,0,0,0,0,0,0,0,0,0,0,0,0,0,0,0,0,0,0,0,0,0,0,0,0,0,0,0,0,0,0,0,0,0,0,0,0,0,0,0,0,0,0,0,0,0,0,0,0,0,0,0,0,0,0,0,0,0,0,0,0,0,0,0,0,0,0,0,0,0,0,0,0,0,0,0,0,500,0,500,0,500,0,0,0,0,0,0,0,800,0,800,0,800,0,400,0,400,0,400,0,600,0,600,0,600,0,0,0,0,0,0,0,0,0,0,0,0,0,921,0,921,0,921,0,42023,0,42023,0,42023,0,38280,0,38280,0,38280,0,69692,0,69692,0,69692,0,42456.5800477813,0,42459,0,42459,0,44228.4875170181,0,44235,0,44235,0,52388.4184114528,0,41211.210895655,0,63041.2468910013,0,44843.4244675433,0,35981.9373385474,0,53342.6924666826,0,39543.7782871437,0,32319.3770954915,0,46535.2748597879,0,35834.0614386205,0,29778.3796933456,0,41773.1357522021,0,33245.0425749428,0,27956.1216617721,0,38473.0959757836,0,31442.9775737905,0,26684.3435668488,0,36160.878861041,0,30191.6910696073,0,25793.3456535282,0,34585.2189986025,0,29324.7562578585,0,25176.0806471864,0,33459.3903637967,0,28725.3299807724,0,24745.3314383038,0,32711.5946018037,0,28311.6525905425,0,24449.9463306453,0,32172.0240503137,0,28026.6839272968,0,24246.9105182277,0,31822.8804169511,0,27830.7345063575,0,24107.5953690238,0,31582.4756927302,0,27696.251666923,0,24018.7791931439,0,31414.8861931173,0,27604.1468431158,0,23953.4753188525,0,31299.3843016555,0,27541.2187076975,0,23907.6729598462,0,31219.829853888,0,27498.3515053211,0,23876.0701049541,0,31165.0948914884,0,27469.2591801122,0,23854.3545221445,0,31125.4241994748,0,27449.6122268333,0,23839.6134562142,0,31095.3973963845,0,27436.4319813824,0,23829.9183616559,0,31074.8044202159,0,27427.671236567,0,23822.8155561681,0,31060.6879044387,0,27421.9243421458,0,23817.9152801694,0,31051.0150455174,0,27418.2270940225,0,23814.5606150751,0,31058.0644802227,0,27415.9187716938,0,23812.2647253768,0,31054.1684463658,0,27414.5471240103,0,23810.693866432,0,31051.5012300762,0,27413.8029944106,0,23809.6193390639,0,31049.675789418,0,27413.4753767619,0,23808.8844858744,0,31048.4267904695,0,27413.4205396105,0,23808.3820342855,0,31047.5724107435,0,27413.5408291438,0,23808.0385512426,0,31046.9881013583,0,27413.7701255875,0,23807.8037826512,0,31046.5885749595,0,27414.0638701733,0,23807.6433459025,0,31046.3154473481,0,27414.3922299015,0,23807.5337228536,0,31046.1287623791,0,27414.7354152725,0,23807.4588303089,0,31046.0011824912,0,27415.0804745189,0,23807.4076717763,0,31045.9140080525,0,27415.4190999633,0,23807.3727300729,0,31045.8544507978,0,27415.7461278897,0,23807.3488673524,0,31045.8137668752,0,27416.0585134316,0,23807.3325725604,0,31045.7859788739,0,27416.3546307025,0,23807.3214467026,0,31045.767001264,0,27416.6337955386,0,23807.3138508489,0,31045.754042054,0,27416.8959405547,0,23807.3086654702,0,31045.7451935235,0,27417.1413943735,0,23807.3051259258,0,31045.7391523403,0,27417.3707320715,0,23807.3027100242,0,31045.7350281998,0,27417.5846742875,0,23807.301061186,0,31045.7322130099,0,27417.7840195575,0,23807.2999359453,0,31045.7302914817,0,27417.9695993177,0,23807.2991680835,0,31045.7289800294,0,27418.1422483529,0,23807.2986441303,0,31045.7280850218,0,27418.3027857507,0,23807.2982866313,0,31045.7274742612,0,27418.4520029844,0,23807.2980427201,0,31045.7270575005,0,27418.5906568169,0,23807.2978763159,0,31045.726773136,0,27418.7194654458,0,23807.2977627956,0,31045.7265791196,0,27418.839106816,0,23807.2976853565,0,31045.7264467535,0,27418.9502183606,0,23807.2976325331,0,31045.7263564527,0,27419.0533976718,0,23807.2975965024,0,31045.7262948522,0,27419.1492037591,0,23807.2975719272,0,31045.7262528322,0,27419.2381586632,0,23807.297555166,0,31045.7262241702,0,27419.3207492701,0,23807.2975437347,0,31045.7262046206,0,27419.3974292185,0,23807.2975359388,0,31045.726191287,0,27419.4686208313,0,23807.2975306223,0,31045.7261821932,0,27419.5347170247,0,23807.2975269968,0,31045.7261759913,0,27419.596083165,0,23807.2975245246,0,31045.7261717619,0,27419.6530588548,0,23807.2975228388,0,31045.7261688777,0,27419.7059596374,0,23807.2975216894,0,31045.7261669109,0,27419.7550786143,0,23807.2975209056,0,31045.7261655697,0,27419.8006879724,0,23807.2975203712,0,31045.7261646553,0,27419.843040423,0,23807.2975200069,0,31045.7261640317,0,27419.8823705522,0,23807.2975197585,0,31045.7261636066,0,27419.9188960877,0,23807.2975195891,0,31045.7261633167,0,27419.9528190831,0,23807.2975194737,0,31045.7261631191,0,27419.9843270252,0,23807.297519395,0,31045.7261629844,0,27420.0135938678,0,23807.2975193413,0,31045.7261628925,0,27420.0407809958,0,23807.2975193047,0,31045.7261628299,0,27420.0660381229,0,23807.2975192798,0,31045.7261627872,0,27420.0895041288,0,23807.2975192628,0,31045.7261627581,0,27420.1113078374,0,23807.2975192512,0,31045.7261627383,0,27420.1315687415,0,23807.2975192433,0,31045.7261627247,0,27420.1503976759,0,23807.2975192379,0,31045.7261627155,0,27420.1678974437,0,23807.2975192343,0,31045.7261627092,0,27420.1841633974,0,23807.2975192318,0,31045.726162705,0
"14",0,0,0,0,0,0,0,0,0,0,0,0,0,0,0,0,0,0,0,0,0,0,0,0,0,0,0,0,0,0,0,0,0,0,0,0,0,0,0,0,0,0,0,0,0,0,0,0,0,0,0,0,0,0,0,0,0,0,0,0,0,0,0,0,0,0,0,0,0,0,0,0,0,0,0,0,0,0,0,0,0,0,0,0,0,0,0,0,0,0,0,0,0,0,0,0,0,0,0,0,0,0,0,0,0,0,0,0,0,0,0,0,0,0,0,0,0,0,0,0,0,0,0,0,0,0,0,0,0,0,0,0,0,0,0,0,0,0,0,0,0,0,0,0,0,0,0,0,0,0,0,0,0,0,0,0,0,0,0,0,0,0,0,0,0,0,0,0,0,0,0,0,0,0,0,0,0,0,0,0,0,0,0,0,0,0,0,0,0,0,0,0,0,0,0,0,0,0,0,0,0,0,0,0,0,0,0,0,0,0,0,0,0,0,0,0,0,0,0,0,0,0,0,0,0,0,0,0,0,0,0,0,0,0,0,0,0,0,0,0,0,0,0,0,0,0,0,0,0,0,0,0,0,0,0,0,0,0,0,0,0,0,0,0,0,0,0,0,0,0,0,0,0,0,0,0,0,0,0,0,0,0,0,0,0,0,0,0,0,0,0,0,0,0,0,0,0,0,0,0,500,0,500,0,500,0,0,0,0,0,0,0,800,0,800,0,800,0,400,0,400,0,400,0,600,0,600,0,600,0,0,0,0,0,0,0,0,0,0,0,0,0,921,0,921,0,921,0,42023,0,42023,0,42023,0,38280,0,38280,0,38280,0,69692,0,69692,0,69692,0,42456.5800477813,0,42459,0,42459,0,44228.4875170181,0,44235,0,44235,0,56754.1199457405,0,44645.4784702929,0,68294.684131918,0,47513.7972977545,0,38145.221533253,0,56507.7663120858,0,41186.4067956871,0,33693.7752367914,0,48435.0364704796,0,36869.196371282,0,30683.8865032472,0,42951.2530410771,0,33932.6979068988,0,28564.2670292394,0,39226.6378739407,0,31940.8824538906,0,27156.5624027947,0,36681.0514419245,0,30593.2463705336,0,26165.1847161903,0,35020.7930662717,0,29683.5585681549,0,25520.5132473488,0,33837.4436892333,0,29070.8094416859,0,25069.475782972,0,33067.1710122691,0,28658.9056556535,0,24769.6957913964,0,32546.2381372704,0,28382.5589586978,0,24571.1296169678,0,32217.9426091984,0,28197.5288882459,0,24443.9886926574,0,31989.2930349035,0,28073.9074472312,0,24358.1276994604,0,31835.9783350582,0,27991.5171645331,0,24297.2324379803,0,31732.905311794,0,27936.7695520855,0,24257.0950647501,0,31663.8705176776,0,27900.5277540689,0,24229.2663788051,0,31616.0526423544,0,27876.656656535,0,24211.1402288702,0,31580.3871503416,0,27861.0418193304,0,24199.5034151879,0,31556.5558597738,0,27850.9270709137,0,24191.2278361361,0,31540.6404948065,0,27844.4680895527,0,24185.6815797417,0,31530.0166968308,0,27840.4320251659,0,24181.9826941545,0,31529.198466084,0,27837.9956644696,0,24179.5166862967,0,31532.8897776696,0,27836.6099727883,0,24177.8731313553,0,31530.1563095325,0,27835.9092781464,0,24176.7780354537,0,31528.3341153352,0,27835.6504407693,0,24176.0485632262,0,31527.1197569627,0,27835.6721404283,0,24175.5627566831,0,31526.3106949107,0,27835.8676479491,0,24175.2392939814,0,31525.7717933744,0,27836.1666267787,0,24175.0239668908,0,31525.4129223384,0,27836.5229771874,0,24174.8806513367,0,31525.1739890849,0,27836.9067212874,0,24174.7852808336,0,31525.0149400785,0,27837.298588599,0,24174.7218257795,0,31524.909085963,0,27837.6864054698,0,24174.6796119696,0,31524.8386470612,0,27838.0626888111,0,24174.6515328558,0,31524.791781857,0,27838.4230435276,0,24174.6328580243,0,31524.7606054445,0,27838.7650960691,0,24174.6204392708,0,31524.7398685555,0,27839.0877854789,0,24174.6121817325,0,31524.7260772086,0,27839.3908927408,0,24174.6066916681,0,31524.7169061637,0,27839.6747289088,0,24174.6030419336,0,31524.7108082237,0,27839.9399289976,0,24174.6006158567,0,31524.7067540482,0,27840.1873162799,0,24174.5990033198,0,31524.7040589186,0,27840.4178134326,0,24174.5979316065,0,31524.7022674182,0,27840.632384829,0,24174.5972193876,0,31524.7010766794,0,27840.8319995174,0,24174.5967461099,0,31524.7002853077,0,27841.0176079183,0,24174.5964316336,0,31524.6997593984,0,27841.1901275984,0,24174.5962226892,0,31524.6994099288,0,27841.3504350324,0,24174.5960838712,0,31524.6991777206,0,27841.4993612932,0,24174.5959916492,0,31524.699023438,0,27841.6376903029,0,24174.5959303862,0,31524.6989209368,0,27841.7661587322,0,24174.5958896915,0,31524.6988528418,0,27841.8854569439,0,24174.5958626609,0,31524.6988076066,0,27841.9962305776,0,24174.5958447073,0,31524.6987775588,0,27842.0990825099,0,24174.5958327832,0,31524.6987576002,0,27842.1945750144,0,24174.595824864,0,31524.6987443439,0,27842.2832320053,0,24174.5958196049,0,31524.6987355396,0,27842.3655412912,0,24174.5958161124,0,31524.6987296924,0,27842.4419567891,0,24174.5958137933,0,31524.6987258092,0,27842.5129006694,0,24174.5958122533,0,31524.6987232306,0,27842.5787654138,0,24174.5958112307,0,31524.6987215182,0,27842.6399157751,0,24174.5958105518,0,31524.6987203811,0,27842.6966906351,0,24174.595810101,0,31524.6987196261,0,27842.7494047582,0,24174.5958098017,0,31524.6987191248,0,27842.7983504426,0,24174.595809603,0,31524.698718792,0,27842.8437990709,0,24174.5958094711,0,31524.698718571,0,27842.886002564,0,24174.5958093835,0,31524.6987184243,0,27842.925194742,0,24174.5958093254,0,31524.6987183269,0,27842.9615925971,0,24174.5958092868,0,31524.6987182623,0,27842.9953974817,0,24174.5958092612,0,31524.6987182193,0,27843.0267962182,0,24174.5958092442,0,31524.6987181908,0,27843.055962133,0,24174.5958092329,0,31524.6987181719,0,27843.0830560203,0,24174.5958092254,0,31524.6987181594,0,27843.1082270399,0,24174.5958092204,0,31524.698718151,0,27843.1316135525,0,24174.5958092171,0,31524.6987181455,0,27843.1533438973,0,24174.5958092149,0,31524.6987181418,0,27843.1735371141,0,24174.5958092135,0,31524.6987181394,0,27843.1923036159,0,24174.5958092125,0,31524.6987181378,0,27843.2097458128,0,24174.5958092119,0,31524.6987181367,0,27843.2259586922,0,24174.5958092114,0,31524.698718136,0
"15",0,0,0,0,0,0,0,0,0,0,0,0,0,0,0,0,0,0,0,0,0,0,0,0,0,0,0,0,0,0,0,0,0,0,0,0,0,0,0,0,0,0,0,0,0,0,0,0,0,0,0,0,0,0,0,0,0,0,0,0,0,0,0,0,0,0,0,0,0,0,0,0,0,0,0,0,0,0,0,0,0,0,0,0,0,0,0,0,0,0,0,0,0,0,0,0,0,0,0,0,0,0,0,0,0,0,0,0,0,0,0,0,0,0,0,0,0,0,0,0,0,0,0,0,0,0,0,0,0,0,0,0,0,0,0,0,0,0,0,0,0,0,0,0,0,0,0,0,0,0,0,0,0,0,0,0,0,0,0,0,0,0,0,0,0,0,0,0,0,0,0,0,0,0,0,0,0,0,0,0,0,0,0,0,0,0,0,0,0,0,0,0,0,0,0,0,0,0,0,0,0,0,0,0,0,0,0,0,0,0,0,0,0,0,0,0,0,0,0,0,0,0,0,0,0,0,0,0,0,0,0,0,0,0,0,0,0,0,0,0,0,0,0,0,0,0,0,0,0,0,0,0,0,0,0,0,0,0,0,0,0,0,0,0,0,0,0,0,0,0,0,0,0,0,0,0,0,0,0,0,0,0,0,0,0,0,0,0,0,0,0,0,0,0,0,0,0,0,0,0,500,0,500,0,500,0,0,0,0,0,0,0,800,0,800,0,800,0,400,0,400,0,400,0,600,0,600,0,600,0,0,0,0,0,0,0,0,0,0,0,0,0,921,0,921,0,921,0,42023,0,42023,0,42023,0,38280,0,38280,0,38280,0,69692,0,69692,0,69692,0,42456.5800477813,0,42459,0,42459,0,44228.4875170181,0,44235,0,44235,0,61119.8214800282,0,48079.7460449308,0,73548.1213728348,0,50020.0810189272,0,40180.0117920345,0,59466.0810603792,0,42617.6905546557,0,34903.0048346271,0,50080.3811964672,0,37699.3352062979,0,31414.7119148352,0,43877.6531290007,0,34441.9198926985,0,29032.6255650238,0,39781.6593709665,0,32290.7252059985,0,27502.7029109934,0,37035.6133473407,0,30873.7859759823,0,26451.5855869761,0,35291.8789648469,0,29942.7255848069,0,25770.7794436792,0,34115.5445806567,0,29332.3042508996,0,25319.2995269401,0,33342.0118836428,0,28932.9573203346,0,25031.3290162002,0,32853.9912474191,0,28672.2539844605,0,24840.7276111712,0,32536.3307903681,0,28502.4393763488,0,24724.8037689431,0,32327.4211426113,0,28392.1016934585,0,24642.5301592461,0,32190.6761560041,0,28320.6214859569,0,24590.6098704658,0,32101.4168851595,0,28274.4879022005,0,24554.0231735889,0,32042.8438938824,0,28244.8619107648,0,24531.3168468503,0,31999.4338195335,0,28225.9689424523,0,24517.1103344803,0,31971.1921247459,0,28214.0412167478,0,24507.3768198544,0,31952.8298005502,0,28206.6232249114,0,24500.9993941751,0,31940.8973316833,0,28202.1164962118,0,24496.8589043825,0,31933.1469384715,0,28199.4816673294,0,24494.1717782629,0,31943.0323139355,0,28198.0437599741,0,24492.4284833202,0,31940.2406471309,0,28197.3650611401,0,24491.2978688247,0,31938.3893748427,0,28197.1622201318,0,24490.5648220626,0,31937.1885683682,0,28197.2522303821,0,24490.0896692113,0,31936.4099127661,0,28197.517259971,0,24489.781755299,0,31935.9051365569,0,28197.8817701977,0,24489.5822620204,0,31935.5779891441,0,28198.2976384773,0,24489.4530395851,0,31935.3660124176,0,28198.7344913712,0,24489.3693512055,0,31935.2286901713,0,28199.1734267746,0,24489.3151615805,0,31935.1397477926,0,28199.6029394546,0,24489.2800786048,0,31935.0821510315,0,28200.0162782882,0,24489.2573689264,0,31935.0448591259,0,28200.4097333558,0,24489.2426707202,0,31935.0207176714,0,28200.7815266988,0,24489.233158967,0,31935.0050916189,0,28201.1310948212,0,24489.2270043164,0,31934.9949787042,0,28201.4586253106,0,24489.2230223626,0,31934.9884346266,0,28201.7647582428,0,24489.220446385,0,31934.9842004489,0,28202.0503943942,0,24489.2187801208,0,31934.9814611374,0,28202.3165726492,0,24489.2177024054,0,31934.9796891182,0,28202.5643922093,0,24489.2170054175,0,31934.9785429385,0,28202.7949637832,0,24489.2165546948,0,31934.9778016338,0,28203.0093795033,0,24489.2162632485,0,31934.9773222284,0,28203.2086949171,0,24489.2160748077,0,31934.9770122203,0,28203.3939187466,0,24489.2159529762,0,31934.9768117689,0,28203.5660076193,0,24489.2158742145,0,31934.9766821664,0,28203.7258639633,0,24489.2158233,0,31934.9765983774,0,28203.8743358912,0,24489.2157903889,0,31934.9765442108,0,28204.0122183154,0,24489.2157691166,0,31934.9765091963,0,28204.1402548015,0,24489.2157553677,0,31934.9764865634,0,28204.2591398441,0,24489.215746482,0,31934.9764719348,0,28204.3695213585,0,24489.2157407395,0,31934.9764624801,0,28204.4720032582,0,24489.2157370286,0,31934.9764563697,0,28204.5671480355,0,24489.2157346306,0,31934.9764524209,0,28204.6554792899,0,24489.2157330811,0,31934.9764498692,0,28204.7374841759,0,24489.2157320799,0,31934.9764482203,0,28204.8136157483,0,24489.215731433,0,31934.9764471548,0,28204.8842951963,0,24489.2157310151,0,31934.9764464664,0,28204.9499139604,0,24489.2157307451,0,31934.9764460216,0,28205.0108357334,0,24489.2157305706,0,31934.9764457342,0,28205.0673983441,0,24489.2157304579,0,31934.9764455486,0,28205.1199155284,0,24489.2157303852,0,31934.9764454286,0,28205.1686785918,0,24489.2157303381,0,31934.9764453511,0,28205.2139579664,0,24489.2157303078,0,31934.9764453011,0,28205.256004669,0,24489.2157302881,0,31934.9764452688,0,28205.2950516634,0,24489.2157302755,0,31934.9764452479,0,28205.3313151339,0,24489.2157302673,0,31934.9764452344,0,28205.3649956729,0,24489.215730262,0,31934.9764452257,0,28205.3962793894,0,24489.2157302586,0,31934.97644522,0,28205.4253389413,0,24489.2157302564,0,31934.9764452164,0,28205.4523344977,0,24489.2157302549,0,31934.9764452141,0,28205.4774146346,0,24489.215730254,0,31934.9764452125,0,28205.500717168,0,24489.2157302534,0,31934.9764452116,0,28205.5223699292,0,24489.215730253,0,31934.9764452109,0,28205.5424914855,0,24489.2157302528,0,31934.9764452105,0,28205.5611918103,0,24489.2157302526,0,31934.9764452102,0,28205.5785729047,0,24489.2157302525,0,31934.9764452101,0,28205.5947293764,0,24489.2157302525,0,31934.97644521,0
"16",0,0,0,0,0,0,0,0,0,0,0,0,0,0,0,0,0,0,0,0,0,0,0,0,0,0,0,0,0,0,0,0,0,0,0,0,0,0,0,0,0,0,0,0,0,0,0,0,0,0,0,0,0,0,0,0,0,0,0,0,0,0,0,0,0,0,0,0,0,0,0,0,0,0,0,0,0,0,0,0,0,0,0,0,0,0,0,0,0,0,0,0,0,0,0,0,0,0,0,0,0,0,0,0,0,0,0,0,0,0,0,0,0,0,0,0,0,0,0,0,0,0,0,0,0,0,0,0,0,0,0,0,0,0,0,0,0,0,0,0,0,0,0,0,0,0,0,0,0,0,0,0,0,0,0,0,0,0,0,0,0,0,0,0,0,0,0,0,0,0,0,0,0,0,0,0,0,0,0,0,0,0,0,0,0,0,0,0,0,0,0,0,0,0,0,0,0,0,0,0,0,0,0,0,0,0,0,0,0,0,0,0,0,0,0,0,0,0,0,0,0,0,0,0,0,0,0,0,0,0,0,0,0,0,0,0,0,0,0,0,0,0,0,0,0,0,0,0,0,0,0,0,0,0,0,0,0,0,0,0,0,0,0,0,0,0,0,0,0,0,0,0,0,0,0,0,0,0,0,0,0,0,0,0,0,0,0,0,0,0,0,0,0,0,0,0,0,0,0,0,500,0,500,0,500,0,0,0,0,0,0,0,800,0,800,0,800,0,400,0,400,0,400,0,600,0,600,0,600,0,0,0,0,0,0,0,0,0,0,0,0,0,921,0,921,0,921,0,42023,0,42023,0,42023,0,38280,0,38280,0,38280,0,69692,0,69692,0,69692,0,42456.5800477813,0,42459,0,42459,0,44228.4875170181,0,44235,0,44235,0,65485.5230143159,0,51514.0136195688,0,78801.5586137516,0,52362.2756310612,0,42086.3081148918,0,62222.9762372046,0,43846.8255687685,0,35950.9049490199,0,51483.6901926826,0,38342.305498483,0,32005.2979460069,0,44573.3381716319,0,34795.7958599982,0,29369.6099158892,0,40155.9266458147,0,32517.5380646738,0,27744.5742919205,0,37286.7784674343,0,31057.9332792725,0,26649.169025382,0,35454.0123537547,0,30125.1404545202,0,25959.0583482587,0,34297.5952105784,0,29530.4160174841,0,25517.554102748,0,33546.117575999,0,29152.0975483354,0,25237.5197158183,0,33093.2392532364,0,28911.9965837815,0,25067.3954863195,0,32792.7934401836,0,28759.9973882428,0,24957.6063773513,0,32612.8301366888,0,28664.0528355864,0,24887.6869583866,0,32494.0267453052,0,28603.7119329743,0,24839.3965008001,0,32418.4921028057,0,28565.9471907173,0,24810.358552491,0,32365.9632105516,0,28542.4730758555,0,24792.4802616795,0,32331.5309781385,0,28528.0274010726,0,24780.8195878263,0,32309.7506255168,0,28519.2724432895,0,24773.3207169493,0,32295.9817797287,0,28514.093732943,0,24768.5846326879,0,32287.2823117309,0,28511.1533768293,0,24765.5947946741,0,32281.7884739296,0,28509.6059455636,0,24763.7081053922,0,32293.9352365181,0,28508.9179949271,0,24762.5179743904,0,32292.0114052183,0,28508.7535480595,0,24761.767482867,0,32290.7977438807,0,28508.9015028132,0,24761.2943680426,0,32290.0323534762,0,28509.2296553807,0,24760.9961948616,0,32289.5498097833,0,28509.6556038562,0,24760.8083228804,0,32289.245672269,0,28510.1283473128,0,24760.6899762597,0,32289.054029125,0,28510.6166564212,0,24760.615441628,0,32288.9332990155,0,28511.1017282606,0,24760.5685088905,0,32288.8572585131,0,28511.572549948,0,24760.5389617421,0,32288.8093747103,0,28512.0229740535,0,24760.5203630294,0,32288.7792270922,0,28512.4498752069,0,24760.5086577175,0,32288.7602493788,0,28512.851989292,0,24760.5012919073,0,32288.7483049198,0,28513.2291833967,0,24760.4966574411,0,32288.7407882493,0,28513.5819974915,0,24760.4937418651,0,32288.7360586402,0,28513.9113574478,0,24760.4919078707,0,32288.7330830744,0,28514.2183960502,0,24760.4907543543,0,32288.7312112635,0,28514.5043420432,0,24760.4900289092,0,32288.7300339131,0,28514.7704520075,0,24760.4895727221,0,32288.7292934494,0,28515.0179691762,0,24760.4892858808,0,32288.7288278002,0,28515.2480991704,0,24760.4891055364,0,32288.7285349988,0,28515.4619963387,0,24760.4889921586,0,32288.7283509006,0,28515.6607567176,0,24760.4889208864,0,32288.728235159,0,28515.8454151045,0,24760.4888760862,0,32288.7281623985,0,28516.0169446584,0,24760.4888479276,0,32288.7281166614,0,28516.1762580335,0,24760.4888302302,0,32288.7280879131,0,28516.3242094147,0,24760.4888191081,0,32288.7280698444,0,28516.4615970608,0,24760.4888121189,0,32288.7280584888,0,28516.5891661056,0,24760.4888077269,0,32288.7280513526,0,28516.7076114608,0,24760.4888049672,0,32288.7280468681,0,28516.8175807243,0,24760.4888032333,0,32288.7280440503,0,28516.9196770335,0,24760.4888021439,0,32288.7280422798,0,28517.014461827,0,24760.4888014595,0,32288.7280411674,0,28517.1024574945,0,24760.4888010295,0,32288.7280404685,0,28517.1841499034,0,24760.4888007594,0,32288.7280400294,0,28517.2599907961,0,24760.4888005897,0,32288.7280397536,0,28517.3304000578,0,24760.4888004832,0,32288.7280395803,0,28517.3957678554,0,24760.4888004162,0,32288.7280394714,0,28517.4564566518,0,24760.4888003742,0,32288.7280394031,0,28517.5128030981,0,24760.4888003478,0,32288.7280393601,0,28517.565119809,0,24760.4888003312,0,32288.7280393332,0,28517.6136970272,0,24760.4888003208,0,32288.7280393162,0,28517.6588041814,0,24760.4888003142,0,32288.7280393056,0,28517.7006913433,0,24760.4888003101,0,32288.7280392989,0,28517.7395905885,0,24760.4888003075,0,32288.7280392947,0,28517.7757172682,0,24760.4888003059,0,32288.7280392921,0,28517.809271195,0,24760.4888003049,0,32288.7280392904,0,28517.840437748,0,24760.4888003042,0,32288.7280392894,0,28517.8693889039,0,24760.4888003039,0,32288.7280392887,0,28517.896284196,0,24760.4888003036,0,32288.7280392883,0,28517.9212716075,0,24760.4888003034,0,32288.7280392881,0,28517.9444884023,0,24760.4888003033,0,32288.7280392879,0,28517.9660618979,0,24760.4888003033,0,32288.7280392878,0,28517.9861101837,0,24760.4888003032,0,32288.7280392877,0,28518.0047427888,0,24760.4888003032,0,32288.7280392877,0,28518.0220613019,0,24760.4888003032,0,32288.7280392877,0,28518.0381599473,0,24760.4888003032,0,32288.7280392876,0
"17",0,0,0,0,0,0,0,0,0,0,0,0,0,0,0,0,0,0,0,0,0,0,0,0,0,0,0,0,0,0,0,0,0,0,0,0,0,0,0,0,0,0,0,0,0,0,0,0,0,0,0,0,0,0,0,0,0,0,0,0,0,0,0,0,0,0,0,0,0,0,0,0,0,0,0,0,0,0,0,0,0,0,0,0,0,0,0,0,0,0,0,0,0,0,0,0,0,0,0,0,0,0,0,0,0,0,0,0,0,0,0,0,0,0,0,0,0,0,0,0,0,0,0,0,0,0,0,0,0,0,0,0,0,0,0,0,0,0,0,0,0,0,0,0,0,0,0,0,0,0,0,0,0,0,0,0,0,0,0,0,0,0,0,0,0,0,0,0,0,0,0,0,0,0,0,0,0,0,0,0,0,0,0,0,0,0,0,0,0,0,0,0,0,0,0,0,0,0,0,0,0,0,0,0,0,0,0,0,0,0,0,0,0,0,0,0,0,0,0,0,0,0,0,0,0,0,0,0,0,0,0,0,0,0,0,0,0,0,0,0,0,0,0,0,0,0,0,0,0,0,0,0,0,0,0,0,0,0,0,0,0,0,0,0,0,0,0,0,0,0,0,0,0,0,0,0,0,0,0,0,0,0,0,0,0,0,0,0,0,0,0,0,0,0,0,0,0,0,0,0,500,0,500,0,500,0,0,0,0,0,0,0,800,0,800,0,800,0,400,0,400,0,400,0,600,0,600,0,600,0,0,0,0,0,0,0,0,0,0,0,0,0,921,0,921,0,921,0,42023,0,42023,0,42023,0,38280,0,38280,0,38280,0,69692,0,69692,0,69692,0,42456.5800477813,0,42459,0,42459,0,44228.4875170181,0,44235,0,44235,0,69851.2245486037,0,54948.2811942067,0,84054.9958546684,0,54540.3811341567,0,43864.1105018251,0,64803.9194689334,0,44883.0078427447,0,36844.8206590086,0,52658.9809611754,0,38815.2509076495,0,32434.0946429909,0,45083.6873956363,0,35015.6585545323,0,29604.0052453778,0,40367.6646308347,0,32643.5371384829,0,27884.8667275152,0,37382.0937097111,0,31166.6865109704,0,26785.3467658336,0,35531.7434339314,0,30249.5845563647,0,26092.4135279815,0,34403.8245519608,0,29681.4736934818,0,25671.176108491,0,33691.5009246646,0,29330.4028358472,0,25410.4824090857,0,33285.3446054091,0,29114.0050951535,0,25257.787780924,0,33005.8748656474,0,28981.000907106,0,25157.0375976401,0,32857.8406415393,0,28899.5391394379,0,25095.2536971957,0,32756.9476657602,0,28849.8765156986,0,25056.7240079588,0,32691.5274050426,0,28819.7968523101,0,25033.5680450473,0,32648.1656284829,0,28801.7533554812,0,25019.2366153752,0,32621.5000239749,0,28791.0905168896,0,25010.1729885444,0,32605.1133651953,0,28784.9402493538,0,25004.6086785227,0,32595.0496314118,0,28781.5379277647,0,25001.1944196489,0,32588.8724878595,0,28779.7993132145,0,24999.1003983092,0,32590.1222986853,0,28779.0592287554,0,24997.816632625,0,32598.8164050136,0,28778.9103471825,0,24997.0298981503,0,32597.5574601956,0,28779.1038468018,0,24996.5479239162,0,32596.785910738,0,28779.4882508698,0,24996.2527444082,0,32596.3132229678,0,28779.9718065099,0,24996.0720156774,0,32596.0237207956,0,28780.499360908,0,24995.9613896631,0,32595.8464619628,0,28781.0381582321,0,24995.8936901318,0,32595.7379561762,0,28781.5691216303,0,24995.8522691293,0,32595.6715519004,0,28782.0815055611,0,24995.8269312993,0,32595.630922026,0,28782.5696177996,0,24995.8114346198,0,32595.6060673283,0,28783.0308117232,0,24995.8019584208,0,32595.5908656487,0,28783.4642578641,0,24995.7961646505,0,32595.5815695525,0,28783.8701932997,0,24995.7926228449,0,32595.5758857256,0,28784.2494639261,0,24995.7904579899,0,32595.5724110277,0,28784.6032461753,0,24995.7891349362,0,32595.5702871302,0,28784.9328786267,0,24995.7883264469,0,32595.5689890718,0,28785.2397608847,0,24995.787832452,0,32595.5681958353,0,28785.5252936011,0,24995.787530648,0,32595.5677111475,0,28785.7908436389,0,24995.7873462804,0,32595.5674150221,0,28786.0377245758,0,24995.7872336634,0,32595.5672341192,0,28786.2671865406,0,24995.7871648798,0,32595.5671236159,0,28786.4804117049,0,24995.7871228721,0,32595.5670561217,0,28786.6785131751,0,24995.7870972189,0,32595.5670149006,0,28786.8625359032,0,24995.7870815543,0,32595.5669897272,0,28787.0334587706,0,24995.7870719897,0,32595.5669743553,0,28787.1921973244,0,24995.7870661501,0,32595.5669649692,0,28787.339606848,0,24995.7870625849,0,32595.5669592384,0,28787.4764855725,0,24995.7870604085,0,32595.5669557397,0,28787.6035779085,0,24995.7870590799,0,32595.5669536038,0,28787.7215776273,0,24995.787058269,0,32595.5669522999,0,28787.8311309481,0,24995.787057774,0,32595.566951504,0,28787.9328395065,0,24995.7870574719,0,32595.5669510182,0,28788.0272631909,0,24995.7870572875,0,32595.5669507217,0,28788.1149228391,0,24995.787057175,0,32595.5669505407,0,28788.1963027952,0,24995.7870571063,0,32595.5669504303,0,28788.2718533253,0,24995.7870570644,0,32595.5669503629,0,28788.3419928969,0,24995.7870570388,0,32595.5669503218,0,28788.4071103239,0,24995.7870570232,0,32595.5669502967,0,28788.4675667844,0,24995.7870570137,0,32595.5669502814,0,28788.523697713,0,24995.7870570079,0,32595.566950272,0,28788.575814577,0,24995.7870570044,0,32595.5669502663,0,28788.6242065388,0,24995.7870570022,0,32595.5669502628,0,28788.6691420121,0,24995.7870570009,0,32595.5669502607,0,28788.710870116,0,24995.7870570001,0,32595.5669502594,0,28788.7496220345,0,24995.7870569996,0,32595.5669502586,0,28788.7856122843,0,24995.7870569993,0,32595.5669502581,0,28788.8190398978,0,24995.7870569991,0,32595.5669502578,0,28788.8500895264,0,24995.787056999,0,32595.5669502577,0,28788.8789324678,0,24995.7870569989,0,32595.5669502576,0,28788.9057276223,0,24995.7870569989,0,32595.5669502575,0,28788.9306223838,0,24995.7870569989,0,32595.5669502574,0,28788.9537534679,0,24995.7870569988,0,32595.5669502574,0,28788.9752476819,0,24995.7870569988,0,32595.5669502574,0,28788.9952226412,0,24995.7870569988,0,32595.5669502574,0,28789.0137874344,0,24995.7870569988,0,32595.5669502574,0,28789.0310432412,0,24995.7870569988,0,32595.5669502574,0,28789.0470839065,0,24995.7870569988,0,32595.5669502574,0
"18",0,0,0,0,0,0,0,0,0,0,0,0,0,0,0,0,0,0,0,0,0,0,0,0,0,0,0,0,0,0,0,0,0,0,0,0,0,0,0,0,0,0,0,0,0,0,0,0,0,0,0,0,0,0,0,0,0,0,0,0,0,0,0,0,0,0,0,0,0,0,0,0,0,0,0,0,0,0,0,0,0,0,0,0,0,0,0,0,0,0,0,0,0,0,0,0,0,0,0,0,0,0,0,0,0,0,0,0,0,0,0,0,0,0,0,0,0,0,0,0,0,0,0,0,0,0,0,0,0,0,0,0,0,0,0,0,0,0,0,0,0,0,0,0,0,0,0,0,0,0,0,0,0,0,0,0,0,0,0,0,0,0,0,0,0,0,0,0,0,0,0,0,0,0,0,0,0,0,0,0,0,0,0,0,0,0,0,0,0,0,0,0,0,0,0,0,0,0,0,0,0,0,0,0,0,0,0,0,0,0,0,0,0,0,0,0,0,0,0,0,0,0,0,0,0,0,0,0,0,0,0,0,0,0,0,0,0,0,0,0,0,0,0,0,0,0,0,0,0,0,0,0,0,0,0,0,0,0,0,0,0,0,0,0,0,0,0,0,0,0,0,0,0,0,0,0,0,0,0,0,0,0,0,0,0,0,0,0,0,0,0,0,0,0,0,0,0,0,0,0,500,0,500,0,500,0,0,0,0,0,0,0,800,0,800,0,800,0,400,0,400,0,400,0,600,0,600,0,600,0,0,0,0,0,0,0,0,0,0,0,0,0,921,0,921,0,921,0,42023,0,42023,0,42023,0,38280,0,38280,0,38280,0,69692,0,69692,0,69692,0,42456.5800477813,0,42459,0,42459,0,44228.4875170181,0,44235,0,44235,0,74216.9260828914,0,58382.5487688446,0,89308.4330955852,0,56554.3975282136,0,45513.4189528343,0,67190.4970846959,0,45735.4333813034,0,37593.1792209468,0,53630.9627331677,0,39134.6311986079,0,32768.2268063192,0,45410.8984713316,0,35121.1494610845,0,29769.4856863755,0,40420.4646636595,0,32688.3231345103,0,27953.3020855136,0,37426.1868511388,0,31217.8006598128,0,26860.6481811972,0,35569.4469387257,0,30331.3035442766,0,26187.8174957012,0,34474.4916342105,0,29798.2546772806,0,25791.8217003123,0,33823.6681957133,0,29478.5666215498,0,25557.3178551737,0,33439.1271881227,0,29287.3796170565,0,25417.2523710158,0,33211.2866876781,0,29173.4234859608,0,25332.7189872469,0,33071.4517494753,0,29105.7936053395,0,25278.1366121299,0,32986.9362524913,0,29065.8990833014,0,25247.1590849491,0,32930.3285872008,0,29042.5764308469,0,25228.97745094,0,32896.5118208732,0,29029.1328738685,0,25217.6676228861,0,32876.3263601357,0,29021.5617949139,0,25210.92382468,0,32864.2860759586,0,29017.467977794,0,25206.9050314693,0,32857.1087629731,0,29015.4215455392,0,25204.5113980721,0,32852.8326953764,0,29014.5702232832,0,25203.0863980457,0,32861.6348559861,0,29014.4069605968,0,25202.2384125756,0,32865.1408146337,0,29014.6308321443,0,25201.7339877123,0,32864.3403914833,0,29015.0638621236,0,25201.4340335024,0,32863.8642621931,0,29015.6013352114,0,25201.2557226796,0,32863.5811344268,0,29016.1821370912,0,25201.149754158,0,32863.4128260138,0,29016.7710641045,0,25201.0867943801,0,32863.3128014089,0,29017.3482793777,0,25201.0493965751,0,32863.2533727422,0,29017.9030328106,0,25201.0271873169,0,32863.2180721071,0,29018.4299233974,0,25201.0140006663,0,32863.1971080814,0,29018.9266765392,0,25201.0061726065,0,32863.1846606475,0,29019.3928236809,0,25201.0015263952,0,32863.1772713266,0,29019.8289191172,0,25200.9987691566,0,32863.1728854674,0,29020.236076444,0,25200.9971331494,0,32863.1702826983,0,29020.6156951352,0,25200.9961625593,0,32863.1687383255,0,29020.9693001582,0,25200.995586814,0,32863.1678220868,0,29021.2984487588,0,25200.9952453284,0,32863.1672785751,0,29021.6046771332,0,25200.9950428098,0,32863.1669562036,0,29021.8894707603,0,25200.9949227184,0,32863.1667650179,0,29022.1542487441,0,25200.9948515128,0,32863.1666516454,0,29022.4003564282,0,25200.9948092968,0,32863.1665844227,0,29022.6290628673,0,25200.9947842703,0,32863.1665445676,0,29022.8415611258,0,25200.9947694353,0,32863.1665209403,0,29023.0389701915,0,25200.9947606422,0,32863.1665069346,0,29023.2223377865,0,25200.9947554308,0,32863.166498633,0,29023.3926436425,0,25200.9947523423,0,32863.1664937127,0,29023.5508029858,0,25200.994750512,0,32863.1664907967,0,29023.6976700785,0,25200.9947494275,0,32863.1664890687,0,29023.8340417243,0,25200.9947487849,0,32863.1664880447,0,29023.9606606859,0,25200.9947484042,0,32863.166487438,0,29024.0782189828,0,25200.9947481786,0,32863.1664870785,0,29024.1873610508,0,25200.9947480449,0,32863.1664868655,0,29024.2886867566,0,25200.9947479658,0,32863.1664867394,0,29024.3827542619,0,25200.9947479189,0,32863.1664866646,0,29024.4700827376,0,25200.9947478911,0,32863.1664866203,0,29024.5511549299,0,25200.9947478747,0,32863.1664865941,0,29024.6264195822,0,25200.9947478649,0,32863.1664865786,0,29024.6962937162,0,25200.9947478591,0,32863.1664865694,0,29024.7611647782,0,25200.9947478557,0,32863.1664865639,0,29024.8213926548,0,25200.9947478537,0,32863.1664865607,0,29024.8773115648,0,25200.9947478525,0,32863.1664865588,0,29024.9292318323,0,25200.9947478518,0,32863.1664865577,0,29024.9774415466,0,25200.9947478514,0,32863.166486557,0,29025.0222081152,0,25200.9947478511,0,32863.1664865566,0,29025.0637797157,0,25200.994747851,0,32863.1664865564,0,29025.1023866513,0,25200.9947478509,0,32863.1664865562,0,29025.1382426159,0,25200.9947478508,0,32863.1664865561,0,29025.1715458739,0,25200.9947478508,0,32863.1664865561,0,29025.2024803606,0,25200.9947478508,0,32863.1664865561,0,29025.2312167061,0,25200.9947478508,0,32863.166486556,0,29025.2579131892,0,25200.9947478508,0,32863.166486556,0,29025.2827166255,0,25200.9947478508,0,32863.166486556,0,29025.3057631924,0,25200.9947478508,0,32863.166486556,0,29025.3271791972,0,25200.9947478508,0,32863.166486556,0,29025.3470817908,0,25200.9947478508,0,32863.166486556,0,29025.3655796301,0,25200.9947478508,0,32863.166486556,0,29025.3827734944,0,25200.9947478508,0,32863.166486556,0,29025.3987568569,0,25200.9947478508,0,32863.166486556,0
"19",0,0,0,0,0,0,0,0,0,0,0,0,0,0,0,0,0,0,0,0,0,0,0,0,0,0,0,0,0,0,0,0,0,0,0,0,0,0,0,0,0,0,0,0,0,0,0,0,0,0,0,0,0,0,0,0,0,0,0,0,0,0,0,0,0,0,0,0,0,0,0,0,0,0,0,0,0,0,0,0,0,0,0,0,0,0,0,0,0,0,0,0,0,0,0,0,0,0,0,0,0,0,0,0,0,0,0,0,0,0,0,0,0,0,0,0,0,0,0,0,0,0,0,0,0,0,0,0,0,0,0,0,0,0,0,0,0,0,0,0,0,0,0,0,0,0,0,0,0,0,0,0,0,0,0,0,0,0,0,0,0,0,0,0,0,0,0,0,0,0,0,0,0,0,0,0,0,0,0,0,0,0,0,0,0,0,0,0,0,0,0,0,0,0,0,0,0,0,0,0,0,0,0,0,0,0,0,0,0,0,0,0,0,0,0,0,0,0,0,0,0,0,0,0,0,0,0,0,0,0,0,0,0,0,0,0,0,0,0,0,0,0,0,0,0,0,0,0,0,0,0,0,0,0,0,0,0,0,0,0,0,0,0,0,0,0,0,0,0,0,0,0,0,0,0,0,0,0,0,0,0,0,0,0,0,0,0,0,0,0,0,0,0,0,0,0,0,0,0,0,500,0,500,0,500,0,0,0,0,0,0,0,800,0,800,0,800,0,400,0,400,0,400,0,600,0,600,0,600,0,0,0,0,0,0,0,0,0,0,0,0,0,921,0,921,0,921,0,42023,0,42023,0,42023,0,38280,0,38280,0,38280,0,69692,0,69692,0,69692,0,42456.5800477813,0,42459,0,42459,0,44228.4875170181,0,44235,0,44235,0,78582.6276171791,0,61816.8163434825,0,94561.8703365019,0,58404.3248132319,0,47034.2334679193,0,69368.2178656799,0,46413.298189164,0,38202.0282125001,0,54397.4608928627,0,39316.2222411664,0,32978.4728296541,0,45577.4262693755,0,35130.2821244585,0,29843.5259876239,0,40373.5194222057,0,32669.0750722852,0,27981.734766536,0,37357.8077670527,0,31226.1430859943,0,26895.860661614,0,35567.5449810487,0,30382.5157958074,0,26257.7612365017,0,34512.367864689,0,29890.6097603867,0,25885.597337097,0,33926.8954930156,0,29604.5939825145,0,25682.940330977,0,33565.863502785,0,29438.8222290639,0,25556.0948733121,0,33377.8394721351,0,29343.1253974108,0,25482.4721314106,0,33260.0666980007,0,29288.1832673902,0,25439.6569352842,0,33186.7784369877,0,29256.8948756567,0,25415.4753550291,0,33142.2084928512,0,29239.3039493194,0,25400.9016587314,0,33116.388180699,0,29229.6232351384,0,25392.4380906376,0,33101.4420944958,0,29224.4938479274,0,25387.543885502,0,33092.7967507347,0,29221.9691963093,0,25384.7154352704,0,33087.799146878,0,29220.9229408425,0,25383.081700157,0,33084.9118134078,0,29220.7045639762,0,25382.1384944488,0,33099.6152063245,0,29220.9392629424,0,25381.5941868587,0,33098.8775380282,0,29221.4118281451,0,25381.2801980354,0,33098.3828304721,0,29221.9993275971,0,25381.0991340717,0,33098.0974652486,0,29222.6321198612,0,25380.9947553329,0,33097.9329126216,0,29223.2712926046,0,25380.9346010348,0,33097.8380547264,0,29223.8956164907,0,25380.8999427711,0,33097.7833885116,0,29224.4940068837,0,25380.8799790216,0,33097.751892763,0,29225.061171418,0,25380.8684821109,0,33097.7337509106,0,29225.5950991985,0,25380.8618625138,0,33097.723303314,0,29226.0956139837,0,25380.8580518546,0,33097.7172879262,0,29226.5635417622,0,25380.8558585803,0,33097.7138251058,0,29227.0002329451,0,25380.8545964171,0,33097.7118320411,0,29227.4072891447,0,25380.8538701895,0,33097.7106850945,0,29227.7864079306,0,25380.8534523888,0,33097.7100251609,0,29228.1392955849,0,25380.8532120584,0,33097.7096454991,0,29228.4676190221,0,25380.8530738306,0,33097.7094271068,0,29228.7729802418,0,25380.8529943371,0,33097.7093014967,0,29229.0569037229,0,25380.8529486259,0,33097.7092292592,0,29229.3208312235,0,25380.8529223434,0,33097.7091877203,0,29229.5661207951,0,25380.8529072331,0,33097.7091638366,0,29229.7940481657,0,25380.8528985467,0,33097.7091501054,0,29230.0058094258,0,25380.8528935536,0,33097.7091422117,0,29230.2025244004,0,25380.8528906837,0,33097.7091376743,0,29230.3852403482,0,25380.8528890344,0,33097.7091350663,0,29230.5549357802,0,25380.8528880865,0,33097.7091335675,0,29230.7125242762,0,25380.8528875418,0,33097.7091327061,0,29230.8588582283,0,25380.8528872288,0,33097.7091322111,0,29230.9947324713,0,25380.852887049,0,33097.7091319267,0,29231.1208877757,0,25380.8528869456,0,33097.7091317632,0,29231.2380141914,0,25380.8528868863,0,33097.7091316693,0,29231.3467542366,0,25380.8528868522,0,33097.7091316154,0,29231.4477059277,0,25380.8528868326,0,33097.7091315844,0,29231.5414256541,0,25380.8528868213,0,33097.7091315666,0,29231.6284308965,0,25380.8528868149,0,33097.7091315564,0,29231.7092027964,0,25380.8528868111,0,33097.7091315505,0,29231.7841885772,0,25380.852886809,0,33097.7091315471,0,29231.8538038246,0,25380.8528868078,0,33097.7091315452,0,29231.9184346313,0,25380.8528868071,0,33097.7091315441,0,29231.9784396099,0,25380.8528868067,0,33097.7091315434,0,29232.0341517822,0,25380.8528868065,0,33097.7091315431,0,29232.085880349,0,25380.8528868063,0,33097.7091315428,0,29232.1339123472,0,25380.8528868062,0,33097.7091315427,0,29232.1785141989,0,25380.8528868062,0,33097.7091315427,0,29232.2199331606,0,25380.8528868062,0,33097.7091315426,0,29232.2583986747,0,25380.8528868062,0,33097.7091315426,0,29232.2941236317,0,25380.8528868062,0,33097.7091315426,0,29232.327305547,0,25380.8528868062,0,33097.7091315426,0,29232.3581276575,0,25380.8528868061,0,33097.7091315426,0,29232.3867599431,0,25380.8528868061,0,33097.7091315425,0,29232.4133600775,0,25380.8528868061,0,33097.7091315425,0,29232.4380743133,0,25380.8528868062,0,33097.7091315425,0,29232.4610383045,0,25380.8528868062,0,33097.7091315425,0,29232.4823778723,0,25380.8528868062,0,33097.7091315425,0,29232.5022097156,0,25380.8528868062,0,33097.7091315425,0,29232.5206420723,0,25380.8528868062,0,33097.7091315425,0,29232.5377753321,0,25380.8528868062,0,33097.7091315425,0,29232.5537026074,0,25380.8528868062,0,33097.7091315425,0
"20",0,0,0,0,0,0,0,0,0,0,0,0,0,0,0,0,0,0,0,0,0,0,0,0,0,0,0,0,0,0,0,0,0,0,0,0,0,0,0,0,0,0,0,0,0,0,0,0,0,0,0,0,0,0,0,0,0,0,0,0,0,0,0,0,0,0,0,0,0,0,0,0,0,0,0,0,0,0,0,0,0,0,0,0,0,0,0,0,0,0,0,0,0,0,0,0,0,0,0,0,0,0,0,0,0,0,0,0,0,0,0,0,0,0,0,0,0,0,0,0,0,0,0,0,0,0,0,0,0,0,0,0,0,0,0,0,0,0,0,0,0,0,0,0,0,0,0,0,0,0,0,0,0,0,0,0,0,0,0,0,0,0,0,0,0,0,0,0,0,0,0,0,0,0,0,0,0,0,0,0,0,0,0,0,0,0,0,0,0,0,0,0,0,0,0,0,0,0,0,0,0,0,0,0,0,0,0,0,0,0,0,0,0,0,0,0,0,0,0,0,0,0,0,0,0,0,0,0,0,0,0,0,0,0,0,0,0,0,0,0,0,0,0,0,0,0,0,0,0,0,0,0,0,0,0,0,0,0,0,0,0,0,0,0,0,0,0,0,0,0,0,0,0,0,0,0,0,0,0,0,0,0,0,0,0,0,0,0,0,0,0,0,0,0,0,0,0,0,0,0,500,0,500,0,500,0,0,0,0,0,0,0,800,0,800,0,800,0,400,0,400,0,400,0,600,0,600,0,600,0,0,0,0,0,0,0,0,0,0,0,0,0,921,0,921,0,921,0,42023,0,42023,0,42023,0,38280,0,38280,0,38280,0,69692,0,69692,0,69692,0,42456.5800477813,0,42459,0,42459,0,44228.4875170181,0,44235,0,44235,0,82948.3291514669,0,65251.0839181204,0,99815.3075774187,0,60090.1629892116,0,48426.5540470803,0,71339.706055983,0,46925.7982710454,0,38661.8021719752,0,54939.0636922224,0,39375.1160101312,0,33077.8635284684,0,45615.9854112642,0,35059.5054704494,0,29828.0266776164,0,40239.2494403939,0,32600.7369871219,0,27963.370734945,0,37224.7017060784,0,31204.0237295017,0,26907.0005106319,0,35505.1417669981,0,30412.8671614083,0,26307.8912618107,0,34520.0707663698,0,29966.0015180313,0,25971.8072877354,0,34002.4674574167,0,29714.3783786567,0,25787.442682764,0,33676.7121573965,0,29573.2138594215,0,25681.1610176157,0,33525.8289259441,0,29494.4042786135,0,25617.5640459714,0,33426.9428380254,0,29450.7192839487,0,25583.5120188465,0,33365.6999668531,0,29426.7754108332,0,25564.3114390533,0,33331.295417095,0,29413.8975352533,0,25553.2737716879,0,33311.985961552,0,29407.2015529907,0,25547.0856873528,0,33301.1574683871,0,29403.9420191041,0,25543.6188447067,0,33295.0893719226,0,29402.5781573236,0,25541.6777549626,0,33291.691087652,0,29402.2468496736,0,25540.5915287248,0,33289.7890427027,0,29402.4657170132,0,25539.9839765453,0,33305.4244755095,0,29402.9660529344,0,25539.6443063645,0,33304.8927207283,0,29403.5989291416,0,25539.4544781403,0,33304.5954510685,0,29404.2824779444,0,25539.3484282636,0,33304.4293300974,0,29404.9723205074,0,25539.2892012318,0,33304.3365299392,0,29405.6449923684,0,25539.2561336218,0,33304.2847052057,0,29406.2886610421,0,25539.2376762533,0,33304.2557716635,0,29406.897931669,0,25539.2273764078,0,33304.2396223921,0,29407.470942911,0,25539.2216300286,0,33304.2306108217,0,29408.0077451314,0,25539.218424732,0,33304.2255833156,0,29408.5093961177,0,25539.2166371768,0,33304.2227790652,0,29408.9774581304,0,25539.2156404546,0,33304.2212151987,0,29409.4137193108,0,25539.2150847834,0,33304.2203432172,0,29409.8200404575,0,25539.2147750445,0,33304.2198570955,0,29410.1982718213,0,25539.2146024162,0,33304.2195861278,0,29410.5502089795,0,25539.2145062171,0,33304.2194351095,0,29410.8775704981,0,25539.2144526157,0,33304.2193509535,0,29411.1819877181,0,25539.2144227528,0,33304.2193040627,0,29411.465001265,0,25539.2144061171,0,33304.2192779386,0,29411.7280612607,0,25539.2143968509,0,33304.2192633859,0,29411.9725295453,0,25539.21439169,0,33304.2192552798,0,29412.1996829615,0,25539.2143888158,0,33304.2192507651,0,29412.4107171663,0,25539.2143872153,0,33304.2192482508,0,29412.6067506709,0,25539.2143863242,0,33304.2192468508,0,29412.788828936,0,25539.214385828,0,33304.2192460712,0,29412.9579284254,0,25539.2143855517,0,33304.2192456371,0,29413.1149605635,0,25539.214385398,0,33304.2192453955,0,29413.2607755622,0,25539.2143853124,0,33304.2192452609,0,29413.3961661013,0,25539.2143852647,0,33304.219245186,0,29413.5218708521,0,25539.2143852382,0,33304.2192451444,0,29413.6385778379,0,25539.2143852234,0,33304.2192451212,0,29413.7469276335,0,25539.2143852152,0,33304.2192451083,0,29413.8475164004,0,25539.2143852106,0,33304.2192451011,0,29413.9408987635,0,25539.2143852081,0,33304.2192450971,0,29414.0275905308,0,25539.2143852067,0,33304.2192450948,0,29414.108071261,0,25539.2143852059,0,33304.2192450936,0,29414.1827866831,0,25539.2143852055,0,33304.2192450929,0,29414.252150975,0,25539.2143852052,0,33304.2192450925,0,29414.3165489044,0,25539.2143852051,0,33304.2192450923,0,29414.3763378395,0,25539.214385205,0,33304.2192450922,0,29414.4318496343,0,25539.214385205,0,33304.2192450921,0,29414.4833923952,0,25539.2143852049,0,33304.2192450921,0,29414.5312521347,0,25539.2143852049,0,33304.2192450921,0,29414.5756943171,0,25539.2143852049,0,33304.2192450921,0,29414.6169653039,0,25539.2143852049,0,33304.2192450921,0,29414.6552937019,0,25539.2143852049,0,33304.2192450921,0,29414.6908916226,0,25539.2143852049,0,33304.2192450921,0,29414.723955855,0,25539.2143852049,0,33304.2192450921,0,29414.7546689596,0,25539.2143852049,0,33304.2192450921,0,29414.7832002866,0,25539.2143852049,0,33304.2192450921,0,29414.8097069239,0,25539.2143852049,0,33304.2192450921,0,29414.8343345792,0,25539.2143852049,0,33304.2192450921,0,29414.8572184006,0,25539.2143852049,0,33304.2192450921,0,29414.8784837388,0,25539.2143852049,0,33304.2192450921,0,29414.898246856,0,25539.2143852049,0,33304.2192450921,0,29414.9166155847,0,25539.2143852049,0,33304.2192450921,0,29414.9336899386,0,25539.2143852049,0,33304.2192450921,0,29414.9495626811,0,25539.2143852049,0,33304.2192450921,0
"21",0,0,0,0,0,0,0,0,0,0,0,0,0,0,0,0,0,0,0,0,0,0,0,0,0,0,0,0,0,0,0,0,0,0,0,0,0,0,0,0,0,0,0,0,0,0,0,0,0,0,0,0,0,0,0,0,0,0,0,0,0,0,0,0,0,0,0,0,0,0,0,0,0,0,0,0,0,0,0,0,0,0,0,0,0,0,0,0,0,0,0,0,0,0,0,0,0,0,0,0,0,0,0,0,0,0,0,0,0,0,0,0,0,0,0,0,0,0,0,0,0,0,0,0,0,0,0,0,0,0,0,0,0,0,0,0,0,0,0,0,0,0,0,0,0,0,0,0,0,0,0,0,0,0,0,0,0,0,0,0,0,0,0,0,0,0,0,0,0,0,0,0,0,0,0,0,0,0,0,0,0,0,0,0,0,0,0,0,0,0,0,0,0,0,0,0,0,0,0,0,0,0,0,0,0,0,0,0,0,0,0,0,0,0,0,0,0,0,0,0,0,0,0,0,0,0,0,0,0,0,0,0,0,0,0,0,0,0,0,0,0,0,0,0,0,0,0,0,0,0,0,0,0,0,0,0,0,0,0,0,0,0,0,0,0,0,0,0,0,0,0,0,0,0,0,0,0,0,0,0,0,0,0,0,0,0,0,0,0,0,0,0,0,0,0,0,0,0,0,0,500,0,500,0,500,0,0,0,0,0,0,0,800,0,800,0,800,0,400,0,400,0,400,0,600,0,600,0,600,0,0,0,0,0,0,0,0,0,0,0,0,0,921,0,921,0,921,0,42023,0,42023,0,42023,0,38280,0,38280,0,38280,0,69692,0,69692,0,69692,0,42456.5800477813,0,42459,0,42459,0,44228.4875170181,0,44235,0,44235,0,87314.0306857546,0,68685.3514927583,0,105068.744818335,0,61611.9120561528,0,49677.2140847195,0,73113.0572261679,0,47282.129631667,0,38994.8243914248,0,55314.9603208407,0,39325.7205853063,0,33082.3797828457,0,45496.8160347123,0,34923.7671268141,0,29783.0853198547,0,40035.3217019801,0,32496.1976228762,0,27919.1684602271,0,37062.1743577551,0,31161.5008161785,0,26894.3316886161,0,35429.2414888262,0,30429.8357760865,0,26341.2383559168,0,34539.4453690486,0,30029.965100911,0,26045.0511225685,0,34057.7543904621,0,29812.1764518757,0,25879.9604169916,0,33776.2458739,0,29694.0716693562,0,25788.5052407593,0,33659.1916049706,0,29630.4166759193,0,25738.5919601715,0,33574.7249029251,0,29596.4355185725,0,25712.0449168497,0,33526.8252073552,0,29578.5849468748,0,25697.0370229122,0,33500.7831265998,0,29569.4751992693,0,25688.8873324116,0,33486.6379106255,0,29565.0808989825,0,25684.4653595744,0,33478.9610275977,0,29563.2129859984,0,25682.0677091854,0,33474.7976608975,0,29562.6831799352,0,25680.7684802944,0,33472.5412123599,0,29562.847889331,0,25680.0648482356,0,33471.3189665964,0,29563.3596129418,0,25679.6839652665,0,33487.5113812904,0,29564.0316103505,0,25679.4778805659,0,33487.1904445117,0,29564.764315201,0,25679.3664183979,0,33487.0168134064,0,29565.5053613178,0,25679.3061550154,0,33486.9229125884,0,29566.2278875721,0,25679.2735834663,0,33486.8721480053,0,29566.9187731689,0,25679.2559841814,0,33486.8447123273,0,29567.5722633244,0,25679.2464773766,0,33486.8298889851,0,29568.186518739,0,25679.2413432447,0,33486.821882114,0,29568.7617499063,0,25679.238571194,0,33486.8175582176,0,29569.2992099667,0,25679.2370748037,0,33486.8152237282,0,29569.8006524039,0,25679.2362671874,0,33486.8139635842,0,29570.2680402978,0,25679.2358313866,0,33486.8132834935,0,29570.7033916454,0,25679.2355962612,0,33486.8129165173,0,29571.1086982428,0,25679.2354694246,0,33486.8127185293,0,29571.4858843119,0,25679.2354010134,0,33486.8126117286,0,29571.836786577,0,25679.2353641196,0,33486.812554125,0,29572.1631458981,0,25679.2353442255,0,33486.8125230603,0,29572.4666051072,0,25679.2353334994,0,33486.8125063097,0,29572.7487101491,0,25679.2353277169,0,33486.8124972785,0,29573.0109129542,0,25679.2353245998,0,33486.8124924097,0,29573.2545751901,0,25679.2353229197,0,33486.8124897853,0,29573.4809724247,0,25679.2353220142,0,33486.8124883707,0,29573.6912984446,0,25679.2353215263,0,33486.8124876084,0,29573.8866695859,0,25679.2353212633,0,33486.8124871975,0,29574.0681289993,0,25679.2353211216,0,33486.8124869761,0,29574.2366508023,0,25679.2353210453,0,33486.8124868569,0,29574.3931440936,0,25679.2353210042,0,33486.8124867926,0,29574.5384568143,0,25679.235320982,0,33486.8124867579,0,29574.6733794483,0,25679.2353209701,0,33486.8124867393,0,29574.798648556,0,25679.2353209637,0,33486.8124867293,0,29574.9149501428,0,25679.2353209602,0,33486.8124867238,0,29575.02292286,0,25679.2353209583,0,33486.8124867209,0,29575.1231610422,0,25679.2353209573,0,33486.8124867194,0,29575.2162175824,0,25679.2353209568,0,33486.8124867185,0,29575.3026066509,0,25679.2353209565,0,33486.8124867181,0,29575.3828062604,0,25679.2353209563,0,33486.8124867178,0,29575.4572606833,0,25679.2353209563,0,33486.8124867177,0,29575.5263827268,0,25679.2353209562,0,33486.8124867176,0,29575.5905558707,0,25679.2353209562,0,33486.8124867176,0,29575.6501362746,0,25679.2353209562,0,33486.8124867176,0,29575.7054546601,0,25679.2353209562,0,33486.8124867175,0,29575.7568180731,0,25679.2353209562,0,33486.8124867175,0,29575.8045115342,0,25679.2353209562,0,33486.8124867175,0,29575.848799581,0,25679.2353209562,0,33486.8124867175,0,29575.8899277097,0,25679.2353209562,0,33486.8124867175,0,29575.9281237201,0,25679.2353209562,0,33486.8124867175,0,29575.9635989709,0,25679.2353209562,0,33486.8124867175,0,29575.9965495503,0,25679.2353209562,0,33486.8124867175,0,29576.027157366,0,25679.2353209562,0,33486.8124867175,0,29576.0555911609,0,25679.2353209562,0,33486.8124867175,0,29576.0820074582,0,25679.2353209562,0,33486.8124867175,0,29576.1065514407,0,25679.2353209562,0,33486.8124867175,0,29576.1293577684,0,25679.2353209562,0,33486.8124867175,0,29576.1505513391,0,25679.2353209562,0,33486.8124867175,0,29576.1702479945,0,25679.2353209562,0,33486.8124867175,0,29576.1885551765,0,25679.2353209562,0,33486.8124867175,0,29576.2055725368,0,25679.2353209562,0,33486.8124867175,0,29576.2213925027,0,25679.2353209562,0,33486.8124867175,0
"22",0,0,0,0,0,0,0,0,0,0,0,0,0,0,0,0,0,0,0,0,0,0,0,0,0,0,0,0,0,0,0,0,0,0,0,0,0,0,0,0,0,0,0,0,0,0,0,0,0,0,0,0,0,0,0,0,0,0,0,0,0,0,0,0,0,0,0,0,0,0,0,0,0,0,0,0,0,0,0,0,0,0,0,0,0,0,0,0,0,0,0,0,0,0,0,0,0,0,0,0,0,0,0,0,0,0,0,0,0,0,0,0,0,0,0,0,0,0,0,0,0,0,0,0,0,0,0,0,0,0,0,0,0,0,0,0,0,0,0,0,0,0,0,0,0,0,0,0,0,0,0,0,0,0,0,0,0,0,0,0,0,0,0,0,0,0,0,0,0,0,0,0,0,0,0,0,0,0,0,0,0,0,0,0,0,0,0,0,0,0,0,0,0,0,0,0,0,0,0,0,0,0,0,0,0,0,0,0,0,0,0,0,0,0,0,0,0,0,0,0,0,0,0,0,0,0,0,0,0,0,0,0,0,0,0,0,0,0,0,0,0,0,0,0,0,0,0,0,0,0,0,0,0,0,0,0,0,0,0,0,0,0,0,0,0,0,0,0,0,0,0,0,0,0,0,0,0,0,0,0,0,0,0,0,0,0,0,0,0,0,0,0,0,0,0,0,0,0,0,0,500,0,500,0,500,0,0,0,0,0,0,0,800,0,800,0,800,0,400,0,400,0,400,0,600,0,600,0,600,0,0,0,0,0,0,0,0,0,0,0,0,0,921,0,921,0,921,0,42023,0,42023,0,42023,0,38280,0,38280,0,38280,0,69692,0,69692,0,69692,0,42456.5800477813,0,42459,0,42459,0,44228.4875170181,0,44235,0,44235,0,91679.7322200423,0,72119.6190673962,0,110322.182059252,0,62969.5720140554,0,50796.3542171132,0,74688.2713762345,0,47491.4882757478,0,39244.879260744,0,55529.7057443197,0,39181.7601514939,0,32996.7905146797,0,45281.72708141,0,34736.5767442428,0,29658.8337182725,0,39808.0352318761,0,32366.4631141154,0,27842.0110840227,0,36877.0040603062,0,31106.6629642029,0,26876.0661593088,0,35340.6127238719,0,30439.0905628037,0,26363.6621093521,0,34549.985239308,0,30086.499764036,0,26106.8702760843,0,34107.079885832,0,29900.995246738,0,25966.085850257,0,33872.0618932853,0,29803.9076189481,0,25887.5654247349,0,33779.2005574108,0,29753.4967163483,0,25848.1138408294,0,33709.3056403387,0,29727.6659982573,0,25827.1099092246,0,33672.5302852049,0,29714.7414051939,0,25815.8942096307,0,33653.2018408572,0,29708.5665819728,0,25810.0063089604,0,33643.0527909417,0,29705.9006416658,0,25806.917835136,0,33637.7281149726,0,29705.0405941592,0,25805.2989404855,0,33634.9365768245,0,29705.0934785728,0,25804.4508929805,0,33633.4740177075,0,29705.5924134664,0,25804.0068967828,0,33634.7137300173,0,29706.2943526619,0,25803.7745578376,0,33649.2797065235,0,29707.0736864502,0,25803.6530313208,0,33649.091319456,0,29707.8663275587,0,25803.5894915135,0,33648.9927950015,0,29708.6403564615,0,25803.556281924,0,33648.9412875555,0,29709.3806242882,0,25803.5389303575,0,33648.9143694238,0,29710.0806839432,0,25803.5298670985,0,33648.900306273,0,29710.7385656089,0,25803.5251343653,0,33648.8929612123,0,29711.3545675392,0,25803.5226635994,0,33648.8891259599,0,29711.930102611,0,25803.5213740081,0,33648.8871238503,0,29712.4670976329,0,25803.5207010603,0,33648.8860789244,0,29712.9676819007,0,25803.5203499638,0,33648.8855336759,0,29713.4340270334,0,25803.5201668193,0,33648.8852492156,0,29713.8682658901,0,25803.5200713004,0,33648.8851008364,0,29714.2724527978,0,25803.5200214903,0,33648.885023452,0,29714.6485453425,0,25803.5199955196,0,33648.8849830996,0,29714.998397393,0,25803.5199819805,0,33648.8849620607,0,29715.3237579569,0,25803.5199749231,0,33648.8849510929,0,29715.6262730406,0,25803.5199712448,0,33648.8849453759,0,29715.9074890293,0,25803.5199693279,0,33648.8849423963,0,29716.1688568075,0,25803.519968329,0,33648.8849408436,0,29716.4117362054,0,25803.5199678086,0,33648.8849400345,0,29716.6374005501,0,25803.5199675374,0,33648.8849396129,0,29716.847041202,0,25803.5199673962,0,33648.8849393932,0,29717.0417720099,0,25803.5199673226,0,33648.8849392788,0,29717.2226336449,0,25803.5199672843,0,33648.8849392192,0,29717.3905977943,0,25803.5199672643,0,33648.8849391882,0,29717.5465711987,0,25803.5199672539,0,33648.884939172,0,29717.6913995268,0,25803.5199672485,0,33648.8849391636,0,29717.8258710838,0,25803.5199672457,0,33648.8849391592,0,29717.950720349,0,25803.5199672442,0,33648.8849391569,0,29718.0666313458,0,25803.5199672434,0,33648.8849391558,0,29718.1742408432,0,25803.519967243,0,33648.8849391551,0,29718.2741413915,0,25803.5199672428,0,33648.8849391548,0,29718.3668841966,0,25803.5199672427,0,33648.8849391547,0,29718.4529818357,0,25803.5199672427,0,33648.8849391545,0,29718.53291082,0,25803.5199672426,0,33648.8849391545,0,29718.6071140089,0,25803.5199672426,0,33648.8849391545,0,29718.6760028815,0,25803.5199672426,0,33648.8849391545,0,29718.7399596714,0,25803.5199672426,0,33648.8849391545,0,29718.7993393694,0,25803.5199672426,0,33648.8849391545,0,29718.8544716027,0,25803.5199672426,0,33648.8849391545,0,29718.9056623937,0,25803.5199672426,0,33648.8849391545,0,29718.9531958059,0,25803.5199672426,0,33648.8849391545,0,29718.9973354836,0,25803.5199672426,0,33648.8849391545,0,29719.0383260887,0,25803.5199672426,0,33648.8849391545,0,29719.0763946438,0,25803.5199672426,0,33648.8849391545,0,29719.1117517831,0,25803.5199672426,0,33648.8849391545,0,29719.1445929201,0,25803.5199672426,0,33648.8849391545,0,29719.1750993347,0,25803.5199672426,0,33648.8849391545,0,29719.2034391858,0,25803.5199672426,0,33648.8849391545,0,29719.2297684533,0,25803.5199672426,0,33648.8849391545,0,29719.2542318155,0,25803.5199672426,0,33648.8849391545,0,29719.2769634637,0,25803.5199672426,0,33648.8849391545,0,29719.2980878603,0,25803.5199672426,0,33648.8849391545,0,29719.3177204428,0,25803.5199672426,0,33648.8849391545,0,29719.3359682782,0,25803.5199672426,0,33648.8849391545,0,29719.3529306703,0,25803.5199672426,0,33648.8849391545,0,29719.3686997236,0,25803.5199672426,0,33648.8849391545,0
"23",0,0,0,0,0,0,0,0,0,0,0,0,0,0,0,0,0,0,0,0,0,0,0,0,0,0,0,0,0,0,0,0,0,0,0,0,0,0,0,0,0,0,0,0,0,0,0,0,0,0,0,0,0,0,0,0,0,0,0,0,0,0,0,0,0,0,0,0,0,0,0,0,0,0,0,0,0,0,0,0,0,0,0,0,0,0,0,0,0,0,0,0,0,0,0,0,0,0,0,0,0,0,0,0,0,0,0,0,0,0,0,0,0,0,0,0,0,0,0,0,0,0,0,0,0,0,0,0,0,0,0,0,0,0,0,0,0,0,0,0,0,0,0,0,0,0,0,0,0,0,0,0,0,0,0,0,0,0,0,0,0,0,0,0,0,0,0,0,0,0,0,0,0,0,0,0,0,0,0,0,0,0,0,0,0,0,0,0,0,0,0,0,0,0,0,0,0,0,0,0,0,0,0,0,0,0,0,0,0,0,0,0,0,0,0,0,0,0,0,0,0,0,0,0,0,0,0,0,0,0,0,0,0,0,0,0,0,0,0,0,0,0,0,0,0,0,0,0,0,0,0,0,0,0,0,0,0,0,0,0,0,0,0,0,0,0,0,0,0,0,0,0,0,0,0,0,0,0,0,0,0,0,0,0,0,0,0,0,0,0,0,0,0,0,0,0,0,0,0,0,500,0,500,0,500,0,0,0,0,0,0,0,800,0,800,0,800,0,400,0,400,0,400,0,600,0,600,0,600,0,0,0,0,0,0,0,0,0,0,0,0,0,921,0,921,0,921,0,42023,0,42023,0,42023,0,38280,0,38280,0,38280,0,69692,0,69692,0,69692,0,42456.5800477813,0,42459,0,42459,0,44228.4875170181,0,44235,0,44235,0,96045.4337543301,0,75553.8866420342,0,115575.619300169,0,64163.1428629194,0,51785.5209617124,0,76065.0065257875,0,47563.070208007,0,39379.0842179095,0,55567.9505567675,0,38956.2749984938,0,32852.9201987617,0,44981.944881931,0,34510.0693173297,0,29497.5465041277,0,39499.5108462865,0,32220.8226577038,0,27744.7814376506,0,36710.2673268861,0,31045.8885936619,0,26843.4322187926,0,35253.9260692512,0,30444.8069245338,0,26388.9733536203,0,34546.4636176283,0,30138.3988691468,0,26160.3540129012,0,34153.5062806084,0,29982.9046935837,0,26039.6822646783,0,33976.1621620893,0,29904.5060009388,0,25977.8228265253,0,33886.9247590041,0,29865.3936481605,0,25947.0494319031,0,33832.380228085,0,29846.2455242033,0,25930.8685880318,0,33804.6697965677,0,29837.2070997735,0,25922.6588152167,0,33790.6073311655,0,29833.2618508949,0,25918.4972480575,0,33783.4777196033,0,29831.8608270064,0,25916.3894534717,0,33779.8660527604,0,29831.7115466627,0,25915.3226419634,0,33778.0378242886,0,29832.1603653462,0,25914.7830427507,0,33777.1129741747,0,29832.8780038178,0,25914.5102642974,0,33782.0540069893,0,29833.6996556626,0,25914.3724385065,0,33793.475025147,0,29834.5437894256,0,25914.3028311001,0,33793.3675575614,0,29835.3709587345,0,25914.2676908623,0,33793.3132903242,0,29836.1629282374,0,25914.2499573245,0,33793.2858979128,0,29836.9121051195,0,25914.2410110448,0,33793.272075905,0,29837.6161935616,0,25914.2364991491,0,33793.2651036334,0,29838.2754940879,0,25914.2342242787,0,33793.2615876078,0,29838.8915413152,0,25914.2330775903,0,33793.2598149899,0,29839.4664185355,0,25914.2324997148,0,33793.2589215338,0,29840.0024143709,0,25914.2322085549,0,33793.2584713034,0,29840.5018522157,0,25914.2320618841,0,33793.2582444699,0,29840.9670069072,0,25914.2319880124,0,33793.2581302089,0,29841.4000654061,0,25914.2319508127,0,33793.2580726633,0,29841.8031096597,0,25914.2319320829,0,33793.2580436862,0,29842.1781106302,0,25914.2319226539,0,33793.2580290969,0,29842.5269279223,0,25914.2319179078,0,33793.2580217526,0,29842.8513121972,0,25914.2319155192,0,33793.258018056,0,29843.1529089497,0,25914.2319143171,0,33793.2580161955,0,29843.4332629208,0,25914.2319137123,0,33793.2580152593,0,29843.6938227761,0,25914.231913408,0,33793.2580147882,0,29843.9359458552,0,25914.2319132549,0,33793.2580145512,0,29844.1609028881,0,25914.2319131779,0,33793.258014432,0,29844.3698826236,0,25914.2319131391,0,33793.258014372,0,29844.5639963349,0,25914.2319131196,0,33793.2580143419,0,29844.7442821837,0,25914.2319131099,0,33793.2580143267,0,29844.91170943,0,25914.2319131049,0,33793.2580143191,0,29845.0671824798,0,25914.2319131024,0,33793.2580143152,0,29845.2115447654,0,25914.2319131012,0,33793.2580143133,0,29845.3455824558,0,25914.2319131006,0,33793.2580143123,0,29845.4700279966,0,25914.2319131003,0,33793.2580143119,0,29845.5855634789,0,25914.2319131001,0,33793.2580143116,0,29845.6928238398,0,25914.2319131,0,33793.2580143115,0,29845.7923998968,0,25914.2319131,0,33793.2580143114,0,29845.8848412189,0,25914.2319131,0,33793.2580143114,0,29845.9706588402,0,25914.2319130999,0,33793.2580143114,0,29846.0503278188,0,25914.2319130999,0,33793.2580143114,0,29846.1242896482,0,25914.2319130999,0,33793.2580143114,0,29846.1929545249,0,25914.2319130999,0,33793.2580143114,0,29846.2567034796,0,25914.2319130999,0,33793.2580143114,0,29846.3158903764,0,25914.2319130999,0,33793.2580143114,0,29846.3708437881,0,25914.2319130999,0,33793.2580143114,0,29846.4218687511,0,25914.2319130999,0,33793.2580143114,0,29846.4692484079,0,25914.2319130999,0,33793.2580143114,0,29846.5132455431,0,25914.2319130999,0,33793.2580143114,0,29846.5541040172,0,25914.2319130999,0,33793.2580143114,0,29846.5920501051,0,25914.2319130999,0,33793.2580143114,0,29846.6272937453,0,25914.2319130999,0,33793.2580143114,0,29846.6600297031,0,25914.2319130999,0,33793.2580143114,0,29846.6904386556,0,25914.2319130999,0,33793.2580143114,0,29846.7186882009,0,25914.2319130999,0,33793.2580143114,0,29846.7449337981,0,25914.2319130999,0,33793.2580143114,0,29846.7693196409,0,25914.2319130999,0,33793.2580143114,0,29846.7919794711,0,25914.2319130999,0,33793.2580143114,0,29846.8130373334,0,25914.2319130999,0,33793.2580143114,0,29846.8326082778,0,25914.2319130999,0,33793.2580143114,0,29846.8507990117,0,25914.2319130999,0,33793.2580143114,0,29846.8677085051,0,25914.2319130999,0,33793.2580143114,0,29846.8834285533,0,25914.2319130999,0,33793.2580143114,0
"24",0,0,0,0,0,0,0,0,0,0,0,0,0,0,0,0,0,0,0,0,0,0,0,0,0,0,0,0,0,0,0,0,0,0,0,0,0,0,0,0,0,0,0,0,0,0,0,0,0,0,0,0,0,0,0,0,0,0,0,0,0,0,0,0,0,0,0,0,0,0,0,0,0,0,0,0,0,0,0,0,0,0,0,0,0,0,0,0,0,0,0,0,0,0,0,0,0,0,0,0,0,0,0,0,0,0,0,0,0,0,0,0,0,0,0,0,0,0,0,0,0,0,0,0,0,0,0,0,0,0,0,0,0,0,0,0,0,0,0,0,0,0,0,0,0,0,0,0,0,0,0,0,0,0,0,0,0,0,0,0,0,0,0,0,0,0,0,0,0,0,0,0,0,0,0,0,0,0,0,0,0,0,0,0,0,0,0,0,0,0,0,0,0,0,0,0,0,0,0,0,0,0,0,0,0,0,0,0,0,0,0,0,0,0,0,0,0,0,0,0,0,0,0,0,0,0,0,0,0,0,0,0,0,0,0,0,0,0,0,0,0,0,0,0,0,0,0,0,0,0,0,0,0,0,0,0,0,0,0,0,0,0,0,0,0,0,0,0,0,0,0,0,0,0,0,0,0,0,0,0,0,0,0,0,0,0,0,0,0,0,0,0,0,0,0,0,0,0,0,0,500,0,500,0,500,0,0,0,0,0,0,0,800,0,800,0,800,0,400,0,400,0,400,0,600,0,600,0,600,0,0,0,0,0,0,0,0,0,0,0,0,0,921,0,921,0,921,0,42023,0,42023,0,42023,0,38280,0,38280,0,38280,0,69692,0,69692,0,69692,0,42456.5800477813,0,42459,0,42459,0,44228.4875170181,0,44235,0,44235,0,100411.135288618,0,78988.154216672,0,120829.056541086,0,65192.6246027448,0,52644.7143185171,0,77252.1522359406,0,47506.0714331639,0,39382.5326886946,0,55448.806290132,0,38661.6215211037,0,32651.6406399153,0,44602.1745303644,0,34255.068505544,0,29312.0413519736,0,39165.8284126703,0,32067.007173803,0,27644.0083955721,0,36497.3806731323,0,30984.0835419051,0,26813.5459668958,0,35170.5296329446,0,30449.9429894338,0,26411.1153432582,0,34535.1777934555,0,30187.5255194583,0,26209.9668691534,0,34198.8908455195,0,30059.2867782691,0,26109.7125080715,0,34072.2726665312,0,29997.1351547434,0,26060.8883963834,0,33987.0327046193,0,29967.4461295484,0,26036.7093516701,0,33945.2201441608,0,29953.6526388796,0,26024.6834670673,0,33924.7357475423,0,29947.6085842914,0,26018.7993047524,0,33914.7112337145,0,29945.316271015,0,26015.9229387036,0,33909.8102001025,0,29944.8178088522,0,26014.5180369281,0,33907.4160699688,0,29945.1566443093,0,26013.8323387764,0,33906.2474121983,0,29945.8670463739,0,26013.4978806193,0,33905.6773216851,0,29946.7235283642,0,26013.3348370497,0,33913.8414144841,0,29947.6180229837,0,26013.2553959134,0,33922.4065230226,0,29948.49974996,0,26013.2167066733,0,33922.347004729,0,29949.3458084053,0,26013.1978720086,0,33922.3180230945,0,29950.146809627,0,26013.1887063041,0,33922.3039163437,0,29950.8998651672,0,26013.1842473892,0,33922.2970523181,0,29951.6051685607,0,26013.1820788809,0,33922.2937135011,0,29952.2643315619,0,26013.181024559,0,33922.2920898958,0,29952.8795762909,0,26013.1805120803,0,33922.2913005753,0,29953.4533446628,0,26013.1802630353,0,33922.290916938,0,29953.9881111262,0,26013.1801420347,0,33922.2907305184,0,29954.4862943963,0,26013.1800832571,0,33922.2906399507,0,29954.9502173596,0,26013.1800547102,0,33922.2905959589,0,29955.3820903973,0,26013.1800408481,0,33922.2905745943,0,29955.784006078,0,26013.1800341178,0,33922.2905642203,0,29956.1579393533,0,26013.1800308506,0,33922.2905591837,0,29956.5057503968,0,26013.1800292647,0,33922.2905567389,0,29956.8291886894,0,26013.1800284951,0,33922.2905555522,0,29957.1298976679,0,26013.1800281216,0,33922.2905549763,0,29957.4094195932,0,26013.1800279404,0,33922.2905546969,0,29957.6692004687,0,26013.1800278525,0,33922.2905545613,0,29957.9105949176,0,26013.1800278098,0,33922.2905544955,0,29958.1348709687,0,26013.1800277891,0,33922.2905544636,0,29958.3432147233,0,26013.1800277791,0,33922.2905544481,0,29958.5367348826,0,26013.1800277742,0,33922.2905544406,0,29958.7164671247,0,26013.1800277719,0,33922.290554437,0,29958.8833783222,0,26013.1800277707,0,33922.2905544352,0,29959.0383705939,0,26013.1800277702,0,33922.2905544344,0,29959.1822851875,0,26013.1800277699,0,33922.2905544339,0,29959.315906191,0,26013.1800277698,0,33922.2905544337,0,29959.4399640719,0,26013.1800277697,0,33922.2905544336,0,29959.5551390455,0,26013.1800277697,0,33922.2905544336,0,29959.6620642729,0,26013.1800277697,0,33922.2905544336,0,29959.7613288936,0,26013.1800277696,0,33922.2905544336,0,29959.8534808938,0,26013.1800277696,0,33922.2905544336,0,29959.9390298163,0,26013.1800277696,0,33922.2905544335,0,29960.0184493171,0,26013.1800277696,0,33922.2905544335,0,29960.0921795721,0,26013.1800277696,0,33922.2905544335,0,29960.1606295419,0,26013.1800277696,0,33922.2905544335,0,29960.2241790987,0,26013.1800277696,0,33922.2905544335,0,29960.2831810224,0,26013.1800277696,0,33922.2905544335,0,29960.3379628713,0,26013.1800277696,0,33922.2905544335,0,29960.3888287341,0,26013.1800277696,0,33922.2905544335,0,29960.4360608685,0,26013.1800277696,0,33922.2905544335,0,29960.4799212333,0,26013.1800277696,0,33922.2905544335,0,29960.5206529193,0,26013.1800277696,0,33922.2905544335,0,29960.5584814842,0,26013.1800277696,0,33922.2905544335,0,29960.5936161985,0,26013.1800277696,0,33922.2905544335,0,29960.6262512062,0,26013.1800277696,0,33922.2905544335,0,29960.6565666061,0,26013.1800277696,0,33922.2905544335,0,29960.6847294588,0,26013.1800277696,0,33922.2905544335,0,29960.7108947238,0,26013.1800277696,0,33922.2905544335,0,29960.7352061309,0,26013.1800277696,0,33922.2905544335,0,29960.7577969907,0,26013.1800277696,0,33922.2905544335,0,29960.7787909478,0,26013.1800277696,0,33922.2905544335,0,29960.7983026811,0,26013.1800277696,0,33922.2905544335,0,29960.8164385532,0,26013.1800277696,0,33922.2905544335,0,29960.8332972149,0,26013.1800277696,0,33922.2905544335,0,29960.8489701648,0,26013.1800277696,0,33922.2905544335,0
"25",0,0,0,0,0,0,0,0,0,0,0,0,0,0,0,0,0,0,0,0,0,0,0,0,0,0,0,0,0,0,0,0,0,0,0,0,0,0,0,0,0,0,0,0,0,0,0,0,0,0,0,0,0,0,0,0,0,0,0,0,0,0,0,0,0,0,0,0,0,0,0,0,0,0,0,0,0,0,0,0,0,0,0,0,0,0,0,0,0,0,0,0,0,0,0,0,0,0,0,0,0,0,0,0,0,0,0,0,0,0,0,0,0,0,0,0,0,0,0,0,0,0,0,0,0,0,0,0,0,0,0,0,0,0,0,0,0,0,0,0,0,0,0,0,0,0,0,0,0,0,0,0,0,0,0,0,0,0,0,0,0,0,0,0,0,0,0,0,0,0,0,0,0,0,0,0,0,0,0,0,0,0,0,0,0,0,0,0,0,0,0,0,0,0,0,0,0,0,0,0,0,0,0,0,0,0,0,0,0,0,0,0,0,0,0,0,0,0,0,0,0,0,0,0,0,0,0,0,0,0,0,0,0,0,0,0,0,0,0,0,0,0,0,0,0,0,0,0,0,0,0,0,0,0,0,0,0,0,0,0,0,0,0,0,0,0,0,0,0,0,0,0,0,0,0,0,0,0,0,0,0,0,0,0,0,0,0,0,0,0,0,0,0,0,0,0,0,0,0,0,500,0,500,0,500,0,0,0,0,0,0,0,800,0,800,0,800,0,400,0,400,0,400,0,600,0,600,0,600,0,0,0,0,0,0,0,0,0,0,0,0,0,921,0,921,0,921,0,42023,0,42023,0,42023,0,38280,0,38280,0,38280,0,69692,0,69692,0,69692,0,42456.5800477813,0,42459,0,42459,0,44228.4875170181,0,44235,0,44235,0,104776.836822906,0,82422.42179131,0,126082.493782003,0,66058.0172335317,0,53373.9342875274,0,78234.69034109,0,47329.6879559375,0,39298.5043713609,0,55183.4071946252,0,38309.4722191196,0,32413.1259173079,0,44142.183690051,0,33981.1499542008,0,29128.0869285927,0,38832.4739731596,0,31911.3409562864,0,27535.7293298579,0,36287.8398690619,0,30924.8977873614,0,26778.2712485526,0,35092.5080356908,0,30456.4796411261,0,26429.4953529715,0,34527.9106911487,0,30235.0404296016,0,26258.9084033779,0,34244.2929740414,0,30131.0315114315,0,26175.1206079312,0,34146.9054504373,0,30082.706281365,0,26137.0051372858,0,34080.2845307854,0,30060.7078372143,0,26118.4374952188,0,34048.8140763947,0,30051.1099777237,0,26109.6789135989,0,34033.9668348816,0,30047.320151129,0,26105.5518664149,0,34026.9698630455,0,30046.2238937356,0,26103.6090422174,0,34023.6756105074,0,30046.3532316737,0,26102.6952090506,0,34022.1259454874,0,30047.0183413734,0,26102.2656894152,0,34021.3975001077,0,30047.8966042218,0,26102.063936986,0,34021.0553064883,0,30048.8384221494,0,26101.9692248253,0,34032.0672903751,0,30049.7755822503,0,26101.9247851361,0,34038.0264927246,0,30050.6780656814,0,26101.9039432085,0,34037.9945331136,0,30051.5337124304,0,26101.8941724903,0,34037.9795469917,0,30052.3386573591,0,26101.8895936624,0,34037.9725226083,0,30053.0928374095,0,26101.8874486165,0,34037.9692312556,0,30053.7978842268,0,26101.8864440316,0,34037.9676895478,0,30054.4561379557,0,26101.885973687,0,34037.9669676039,0,30055.0701876071,0,26101.8857535284,0,34037.966629625,0,30055.6426585592,0,26101.8856505008,0,34037.9664714383,0,30056.1761159634,0,26101.8856022972,0,34037.9663974176,0,30056.6730224677,0,26101.8855797486,0,34037.966362788,0,30057.1357213728,0,26101.8855692028,0,34037.9663465901,0,30057.5664316791,0,26101.8855642715,0,34037.966339015,0,30057.9672486785,0,26101.8855619659,0,34037.9663354729,0,30058.3401471128,0,26101.885560888,0,34037.9663338169,0,30058.6869855024,0,26101.8855603843,0,34037.9663330428,0,30059.0095109815,0,26101.8855601488,0,34037.966332681,0,30059.3093643255,0,26101.8855600388,0,34037.9663325119,0,30059.5880850136,0,26101.8855599874,0,34037.9663324329,0,30059.8471162479,0,26101.8855599634,0,34037.966332396,0,30060.0878098841,0,26101.8855599522,0,34037.9663323788,0,30060.3114312476,0,26101.8855599469,0,34037.9663323707,0,30060.5191638173,0,26101.8855599445,0,34037.966332367,0,30060.7121137633,0,26101.8855599433,0,34037.9663323652,0,30060.8913143302,0,26101.8855599428,0,34037.9663323644,0,30061.0577300586,0,26101.8855599426,0,34037.966332364,0,30061.2122608384,0,26101.8855599424,0,34037.9663323638,0,30061.3557457931,0,26101.8855599424,0,34037.9663323637,0,30061.4889669899,0,26101.8855599424,0,34037.9663323637,0,30061.6126529789,0,26101.8855599423,0,34037.9663323637,0,30061.7274821589,0,26101.8855599423,0,34037.9663323636,0,30061.8340859737,0,26101.8855599423,0,34037.9663323636,0,30061.9330519417,0,26101.8855599423,0,34037.9663323636,0,30062.024926521,0,26101.8855599423,0,34037.9663323636,0,30062.1102178169,0,26101.8855599423,0,34037.9663323636,0,30062.1893981337,0,26101.8855599423,0,34037.9663323636,0,30062.2629063791,0,26101.8855599423,0,34037.9663323636,0,30062.3311503242,0,26101.8855599423,0,34037.9663323636,0,30062.3945087272,0,26101.8855599423,0,34037.9663323636,0,30062.4533333258,0,26101.8855599423,0,34037.9663323636,0,30062.5079507039,0,26101.8855599423,0,34037.9663323636,0,30062.55866404,0,26101.8855599423,0,34037.9663323636,0,30062.6057547423,0,26101.8855599423,0,34037.9663323636,0,30062.6494839776,0,26101.8855599423,0,34037.9663323636,0,30062.6900940981,0,26101.8855599423,0,34037.9663323636,0,30062.727809974,0,26101.8855599423,0,34037.9663323636,0,30062.7628402354,0,26101.8855599423,0,34037.9663323636,0,30062.7953784306,0,26101.8855599423,0,34037.9663323636,0,30062.8256041044,0,26101.8855599423,0,34037.9663323636,0,30062.8536838025,0,26101.8855599423,0,34037.9663323636,0,30062.8797720058,0,26101.8855599423,0,34037.9663323636,0,30062.9040119996,0,26101.8855599423,0,34037.9663323636,0,30062.9265366818,0,26101.8855599423,0,34037.9663323636,0,30062.9474693139,0,26101.8855599423,0,34037.9663323636,0,30062.9669242192,0,26101.8855599423,0,34037.9663323636,0,30062.9850074306,0,26101.8855599423,0,34037.9663323636,0,30063.0018172928,0,26101.8855599423,0,34037.9663323636,0,30063.0174450209,0,26101.8855599423,0,34037.9663323636,0
"26",0,0,0,0,0,0,0,0,0,0,0,0,0,0,0,0,0,0,0,0,0,0,0,0,0,0,0,0,0,0,0,0,0,0,0,0,0,0,0,0,0,0,0,0,0,0,0,0,0,0,0,0,0,0,0,0,0,0,0,0,0,0,0,0,0,0,0,0,0,0,0,0,0,0,0,0,0,0,0,0,0,0,0,0,0,0,0,0,0,0,0,0,0,0,0,0,0,0,0,0,0,0,0,0,0,0,0,0,0,0,0,0,0,0,0,0,0,0,0,0,0,0,0,0,0,0,0,0,0,0,0,0,0,0,0,0,0,0,0,0,0,0,0,0,0,0,0,0,0,0,0,0,0,0,0,0,0,0,0,0,0,0,0,0,0,0,0,0,0,0,0,0,0,0,0,0,0,0,0,0,0,0,0,0,0,0,0,0,0,0,0,0,0,0,0,0,0,0,0,0,0,0,0,0,0,0,0,0,0,0,0,0,0,0,0,0,0,0,0,0,0,0,0,0,0,0,0,0,0,0,0,0,0,0,0,0,0,0,0,0,0,0,0,0,0,0,0,0,0,0,0,0,0,0,0,0,0,0,0,0,0,0,0,0,0,0,0,0,0,0,0,0,0,0,0,0,0,0,0,0,0,0,0,0,0,0,0,0,0,0,0,0,0,0,0,0,0,0,0,0,500,0,500,0,500,0,0,0,0,0,0,0,800,0,800,0,800,0,400,0,400,0,400,0,600,0,600,0,600,0,0,0,0,0,0,0,0,0,0,0,0,0,921,0,921,0,921,0,42023,0,42023,0,42023,0,38280,0,38280,0,38280,0,69692,0,69692,0,69692,0,42456.5800477813,0,42459,0,42459,0,44228.4875170181,0,44235,0,44235,0,109142.538357193,0,85856.6893659479,0,131335.931022919,0,66759.32075528,0,53973.180868743,0,79044.0435672589,0,47043.1157810471,0,39137.0274225958,0,54800.991713902,0,37910.8156973349,0,32162.9194873928,0,43609.1663174828,0,33696.7046154323,0,28927.9544027122,0,38456.6467276416,0,31758.886312569,0,27433.9021167361,0,36090.9812196437,0,30870.9221845013,0,26750.1625795323,0,35036.730348418,0,30465.627433628,0,26445.8821745387,0,34525.9241757715,0,30281.5880995553,0,26301.9169066737,0,34292.0295323145,0,30198.6886001838,0,26236.5458071239,0,34218.3716180622,0,30161.890249858,0,26206.8218246261,0,34167.2062215302,0,30146.036154269,0,26193.0503445829,0,34143.9653254564,0,30139.6536255384,0,26186.8036031259,0,34133.4220034218,0,30137.5217706623,0,26183.9731798817,0,34128.6442720076,0,30137.2699818647,0,26182.6919279779,0,34126.4813205927,0,30137.8247607861,0,26182.112426758,0,34125.5029473082,0,30138.7019232161,0,26181.8505152271,0,34125.0607262215,0,30139.6846055282,0,26181.7322185361,0,34124.8609751801,0,30140.6770013711,0,26181.6788186738,0,34138.4209856546,0,30141.638010424,0,26181.6547260252,0,34141.9931639666,0,30142.5511746709,0,26181.6438610356,0,34141.9765514098,0,30143.4110720637,0,26181.6389633067,0,34141.9690611628,0,30144.2171658889,0,26181.6367563264,0,34141.9656852869,0,30144.9710284923,0,26181.6357621675,0,34141.9641643064,0,30145.6750908395,0,26181.6353144746,0,34141.9634792571,0,30146.3320814616,0,26181.6351129244,0,34141.9631708009,0,30146.9447766196,0,26181.63502221,0,34141.9630319498,0,30147.5158908502,0,26181.6349813906,0,34141.9629694614,0,30148.0480307789,0,26181.6349630268,0,34141.9629413454,0,30148.5436774142,0,26181.6349547668,0,34141.9629286976,0,30149.0051812456,0,26181.6349510523,0,34141.9629230092,0,30149.434763081,0,26181.6349493821,0,34141.9629204512,0,30149.8345174418,0,26181.6349486312,0,34141.9629193011,0,30150.2064170804,0,26181.6349482937,0,34141.9629187841,0,30150.5523179672,0,26181.634948142,0,34141.9629185517,0,30150.8739644486,0,26181.6349480739,0,34141.9629184473,0,30151.1729944338,0,26181.6349480432,0,34141.9629184003,0,30151.4509445391,0,26181.6349480295,0,34141.9629183792,0,30151.7092551491,0,26181.6349480233,0,34141.9629183698,0,30151.9492753719,0,26181.6349480205,0,34141.9629183655,0,30152.1722678688,0,26181.6349480193,0,34141.9629183636,0,30152.3794135466,0,26181.6349480187,0,34141.9629183627,0,30152.5718161015,0,26181.6349480185,0,34141.9629183624,0,30152.7505064056,0,26181.6349480184,0,34141.9629183622,0,30152.9164467302,0,26181.6349480183,0,34141.9629183621,0,30153.0705348006,0,26181.6349480183,0,34141.9629183621,0,30153.2136076796,0,26181.6349480183,0,34141.9629183621,0,30153.3464454774,0,26181.6349480183,0,34141.9629183621,0,30153.4697748888,0,26181.6349480183,0,34141.9629183621,0,30153.5842725572,0,26181.6349480183,0,34141.9629183621,0,30153.6905682683,0,26181.6349480183,0,34141.9629183621,0,30153.7892479767,0,26181.6349480183,0,34141.9629183621,0,30153.8808566681,0,26181.6349480183,0,34141.9629183621,0,30153.9659010628,0,26181.6349480183,0,34141.9629183621,0,30154.0448521646,0,26181.6349480183,0,34141.9629183621,0,30154.1181476609,0,26181.6349480183,0,34141.9629183621,0,30154.1861941795,0,26181.6349480183,0,34141.9629183621,0,30154.2493694084,0,26181.6349480183,0,34141.9629183621,0,30154.3080240842,0,26181.6349480183,0,34141.9629183621,0,30154.3624838553,0,26181.6349480183,0,34141.9629183621,0,30154.4130510269,0,26181.6349480183,0,34141.9629183621,0,30154.4600061926,0,26181.6349480183,0,34141.9629183621,0,30154.5036097592,0,26181.6349480183,0,34141.9629183621,0,30154.5441033711,0,26181.6349480183,0,34141.9629183621,0,30154.5817112394,0,26181.6349480183,0,34141.9629183621,0,30154.6166413808,0,26181.6349480183,0,34141.9629183621,0,30154.6490867727,0,26181.6349480183,0,34141.9629183621,0,30154.6792264294,0,26181.6349480183,0,34141.9629183621,0,30154.7072264034,0,26181.6349480183,0,34141.9629183621,0,30154.7332407172,0,26181.6349480183,0,34141.9629183621,0,30154.7574122308,0,26181.6349480183,0,34141.9629183621,0,30154.7798734467,0,26181.6349480183,0,34141.9629183621,0,30154.8007472599,0,26181.6349480183,0,34141.9629183621,0,30154.8201476533,0,26181.6349480183,0,34141.9629183621,0,30154.838180344,0,26181.6349480183,0,34141.9629183621,0,30154.854943384,0,26181.6349480183,0,34141.9629183621,0,30154.8705277168,0,26181.6349480183,0,34141.9629183621,0
"27",0,0,0,0,0,0,0,0,0,0,0,0,0,0,0,0,0,0,0,0,0,0,0,0,0,0,0,0,0,0,0,0,0,0,0,0,0,0,0,0,0,0,0,0,0,0,0,0,0,0,0,0,0,0,0,0,0,0,0,0,0,0,0,0,0,0,0,0,0,0,0,0,0,0,0,0,0,0,0,0,0,0,0,0,0,0,0,0,0,0,0,0,0,0,0,0,0,0,0,0,0,0,0,0,0,0,0,0,0,0,0,0,0,0,0,0,0,0,0,0,0,0,0,0,0,0,0,0,0,0,0,0,0,0,0,0,0,0,0,0,0,0,0,0,0,0,0,0,0,0,0,0,0,0,0,0,0,0,0,0,0,0,0,0,0,0,0,0,0,0,0,0,0,0,0,0,0,0,0,0,0,0,0,0,0,0,0,0,0,0,0,0,0,0,0,0,0,0,0,0,0,0,0,0,0,0,0,0,0,0,0,0,0,0,0,0,0,0,0,0,0,0,0,0,0,0,0,0,0,0,0,0,0,0,0,0,0,0,0,0,0,0,0,0,0,0,0,0,0,0,0,0,0,0,0,0,0,0,0,0,0,0,0,0,0,0,0,0,0,0,0,0,0,0,0,0,0,0,0,0,0,0,0,0,0,0,0,0,0,0,0,0,0,0,0,0,0,0,0,0,500,0,500,0,500,0,0,0,0,0,0,0,800,0,800,0,800,0,400,0,400,0,400,0,600,0,600,0,600,0,0,0,0,0,0,0,0,0,0,0,0,0,921,0,921,0,921,0,42023,0,42023,0,42023,0,38280,0,38280,0,38280,0,69692,0,69692,0,69692,0,42456.5800477813,0,42459,0,42459,0,44228.4875170181,0,44235,0,44235,0,113508.239891481,0,89290.9569405858,0,136589.368263836,0,67296.5351679897,0,54442.4540621643,0,79636.1484352484,0,46655.5509132118,0,38878.8592187674,0,54310.8271784714,0,37475.9566655413,0,31865.3858258962,0,43042.9254231254,0,33409.0020691585,0,28725.1384738489,0,38079.0858065318,0,31613.5811928517,0,27329.0977172898,0,35896.5406256231,0,30823.866112628,0,26727.764769336,0,34969.8506894544,0,30478.0033580091,0,26463.6234650564,0,34529.6702240564,0,30327.4468490919,0,26345.3165988466,0,34340.4378363366,0,30262.5826125396,0,26294.1982010497,0,34286.768901817,0,30235.2014972386,0,26271.2423002711,0,34248.1833528228,0,30224.153323063,0,26261.2327516283,0,34231.3570638436,0,30220.1803418574,0,26256.8737701816,0,34224.0288523278,0,30219.2393567946,0,26254.9776007143,0,34220.8407992561,0,30219.5689420834,0,26254.153554164,0,34219.455216817,0,30220.4043029663,0,26253.7957374398,0,34218.8535296859,0,30221.4152206464,0,26253.6404816092,0,34218.5924428101,0,30222.4606520467,0,26253.5731605141,0,34218.4792254083,0,30223.4817431479,0,26253.5439860766,0,34234.3425439209,0,30224.4552476826,0,26253.5313495013,0,34235.7210094757,0,30225.3732707776,0,26253.5258786423,0,34235.7126663965,0,30226.2344711499,0,26253.5235110803,0,34235.7090551095,0,30227.0402455017,0,26253.5224868806,0,34235.7074925814,0,30227.7930770533,0,26253.5220439653,0,34235.7068167472,0,30228.4958232512,0,26253.5218524853,0,34235.7065245251,0,30229.1514106796,0,26253.5217697284,0,34235.7063982089,0,30229.7627063585,0,26253.5217339704,0,34235.7063436218,0,30230.3324653632,0,26253.5217185235,0,34235.7063200381,0,30230.8633114246,0,26253.5217118521,0,34235.7063098512,0,30231.3577317565,0,26253.5217089714,0,34235.706305452,0,30231.8180780018,0,26253.5217077277,0,34235.7063035525,0,30232.2465697951,0,26253.5217071909,0,34235.7063027325,0,30232.6452994277,0,26253.5217069592,0,34235.7063023786,0,30233.0162369586,0,26253.5217068592,0,34235.7063022259,0,30233.3612354812,0,26253.5217068161,0,34235.70630216,0,30233.6820364161,0,26253.5217067975,0,34235.7063021315,0,30233.9802747645,0,26253.5217067895,0,34235.7063021192,0,30234.257484287,0,26253.521706786,0,34235.706302114,0,30234.515102585,0,26253.5217067845,0,34235.7063021117,0,30234.7544760674,0,26253.5217067839,0,34235.7063021107,0,30234.9768647882,0,26253.5217067836,0,34235.7063021103,0,30235.1834471443,0,26253.5217067835,0,34235.7063021101,0,30235.3753244224,0,26253.5217067834,0,34235.70630211,0,30235.5535251882,0,26253.5217067834,0,34235.70630211,0,30235.7190095102,0,26253.5217067834,0,34235.70630211,0,30235.8726730156,0,26253.5217067834,0,34235.70630211,0,30236.0153507722,0,26253.5217067834,0,34235.70630211,0,30236.1478209976,0,26253.5217067834,0,34235.70630211,0,30236.2708085943,0,26253.5217067834,0,34235.70630211,0,30236.3849885114,0,26253.5217067834,0,34235.70630211,0,30236.4909889357,0,26253.5217067834,0,34235.70630211,0,30236.5893943148,0,26253.5217067834,0,34235.70630211,0,30236.6807482163,0,26253.5217067834,0,34235.70630211,0,30236.7655560281,0,26253.5217067834,0,34235.70630211,0,30236.8442875029,0,26253.5217067834,0,34235.70630211,0,30236.9173791554,0,26253.5217067834,0,34235.70630211,0,30236.9852365149,0,26253.5217067834,0,34235.70630211,0,30237.0482362414,0,26253.5217067834,0,34235.70630211,0,30237.1067281107,0,26253.5217067834,0,34235.70630211,0,30237.1610368737,0,26253.5217067834,0,34235.70630211,0,30237.2114639978,0,26253.5217067834,0,34235.70630211,0,30237.258289295,0,26253.5217067834,0,34235.70630211,0,30237.3017724441,0,26253.5217067834,0,34235.70630211,0,30237.3421544109,0,26253.5217067834,0,34235.70630211,0,30237.3796587748,0,26253.5217067834,0,34235.70630211,0,30237.4144929647,0,26253.5217067834,0,34235.70630211,0,30237.4468494115,0,26253.5217067834,0,34235.70630211,0,30237.4769066213,0,26253.5217067834,0,34235.70630211,0,30237.5048301741,0,26253.5217067834,0,34235.70630211,0,30237.530773654,0,26253.5217067834,0,34235.70630211,0,30237.5548795132,0,26253.5217067834,0,34235.70630211,0,30237.5772798762,0,26253.5217067834,0,34235.70630211,0,30237.5980972868,0,26253.5217067834,0,34235.70630211,0,30237.6174454022,0,26253.5217067834,0,34235.70630211,0,30237.6354296376,0,26253.5217067834,0,34235.70630211,0,30237.6521477643,0,26253.5217067834,0,34235.70630211,0,30237.6676904663,0,26253.5217067834,0,34235.70630211,0
"28",0,0,0,0,0,0,0,0,0,0,0,0,0,0,0,0,0,0,0,0,0,0,0,0,0,0,0,0,0,0,0,0,0,0,0,0,0,0,0,0,0,0,0,0,0,0,0,0,0,0,0,0,0,0,0,0,0,0,0,0,0,0,0,0,0,0,0,0,0,0,0,0,0,0,0,0,0,0,0,0,0,0,0,0,0,0,0,0,0,0,0,0,0,0,0,0,0,0,0,0,0,0,0,0,0,0,0,0,0,0,0,0,0,0,0,0,0,0,0,0,0,0,0,0,0,0,0,0,0,0,0,0,0,0,0,0,0,0,0,0,0,0,0,0,0,0,0,0,0,0,0,0,0,0,0,0,0,0,0,0,0,0,0,0,0,0,0,0,0,0,0,0,0,0,0,0,0,0,0,0,0,0,0,0,0,0,0,0,0,0,0,0,0,0,0,0,0,0,0,0,0,0,0,0,0,0,0,0,0,0,0,0,0,0,0,0,0,0,0,0,0,0,0,0,0,0,0,0,0,0,0,0,0,0,0,0,0,0,0,0,0,0,0,0,0,0,0,0,0,0,0,0,0,0,0,0,0,0,0,0,0,0,0,0,0,0,0,0,0,0,0,0,0,0,0,0,0,0,0,0,0,0,0,0,0,0,0,0,0,0,0,0,0,0,0,0,0,0,0,0,500,0,500,0,500,0,0,0,0,0,0,0,800,0,800,0,800,0,400,0,400,0,400,0,600,0,600,0,600,0,0,0,0,0,0,0,0,0,0,0,0,0,921,0,921,0,921,0,42023,0,42023,0,42023,0,38280,0,38280,0,38280,0,69692,0,69692,0,69692,0,42456.5800477813,0,42459,0,42459,0,44228.4875170181,0,44235,0,44235,0,117873.941425769,0,92725.2245152237,0,141842.805504753,0,67669.6604716608,0,54782.7620442981,0,80028.4029294346,0,46176.1893571508,0,38539.2201509298,0,53684.5719649175,0,37014.5159385283,0,31513.6250283644,0,42457.5762186151,0,33124.2538440585,0,28513.2108292471,0,37722.8172085779,0,31478.3698087807,0,27237.3298650289,0,35735.6192030505,0,30784.7169411812,0,26710.4958294212,0,34909.2671019778,0,30493.7802953945,0,26485.1144966057,0,34539.0977406222,0,30372.6477788137,0,26387.3929964323,0,34388.3323571576,0,30322.8984056507,0,26347.7415903201,0,34352.0717288216,0,30303.0565568709,0,26330.6979231781,0,34323.5247620339,0,30295.687461155,0,26323.5755078307,0,34311.5943688382,0,30293.4793147054,0,26320.6028950325,0,34306.6147783274,0,30293.3730243479,0,26319.3636192389,0,34304.538675852,0,30294.0924511021,0,26318.8474673796,0,34303.6739431957,0,30295.1075925979,0,26318.6326748639,0,34303.3140734779,0,30296.2001474005,0,26318.5433572041,0,34303.164421063,0,30297.2817840402,0,26318.5062404564,0,34303.1022289745,0,30298.3182314067,0,26318.490825255,0,34320.3356396935,0,30299.2976132893,0,26318.4844263907,0,34320.4214316511,0,30300.2172563232,0,26318.48177145,0,34320.417392473,0,30301.078201919,0,26318.4806703531,0,34320.4157169532,0,30301.8829274977,0,26318.4802138613,0,34320.4150221915,0,30302.6344032856,0,26318.4800246738,0,34320.4147342075,0,30303.3357043401,0,26318.4799462915,0,34320.4146148743,0,30303.9898531514,0,26318.4799138261,0,34320.4145654402,0,30304.5997578727,0,26318.4799003826,0,34320.4145449675,0,30305.1681901478,0,26318.4798948171,0,34320.4145364909,0,30305.6977792964,0,26318.4798925136,0,34320.4145329821,0,30306.1910132328,0,26318.4798915603,0,34320.4145315299,0,30306.6502421389,0,26318.4798911659,0,34320.414530929,0,30307.0776832472,0,26318.4798910028,0,34320.4145306804,0,30307.475426054,0,26318.4798909353,0,34320.4145305776,0,30307.8454376787,0,26318.4798909074,0,34320.4145305351,0,30308.1895682468,0,26318.4798908959,0,34320.4145305175,0,30308.5095562376,0,26318.4798908911,0,34320.4145305102,0,30308.8070337675,0,26318.4798908891,0,34320.4145305072,0,30309.0835317851,0,26318.4798908883,0,34320.414530506,0,30309.3404851633,0,26318.479890888,0,34320.4145305054,0,30309.5792376727,0,26318.4798908878,0,34320.4145305052,0,30309.8010468253,0,26318.4798908878,0,34320.4145305051,0,30310.0070885749,0,26318.4798908877,0,34320.4145305051,0,30310.1984618671,0,26318.4798908877,0,34320.4145305051,0,30310.3761930295,0,26318.4798908877,0,34320.4145305051,0,30310.5412399965,0,26318.4798908877,0,34320.4145305051,0,30310.6944963639,0,26318.4798908877,0,34320.4145305051,0,30310.8367952707,0,26318.4798908877,0,34320.4145305051,0,30310.9689131064,0,26318.4798908877,0,34320.4145305051,0,30311.0915730437,0,26318.4798908877,0,34320.4145305051,0,30311.2054483977,0,26318.4798908877,0,34320.4145305051,0,30311.3111658143,0,26318.4798908877,0,34320.4145305051,0,30311.40930829,0,26318.4798908877,0,34320.4145305051,0,30311.5004180279,0,26318.4798908877,0,34320.4145305051,0,30311.5849991339,0,26318.4798908877,0,34320.4145305051,0,30311.6635201584,0,26318.4798908877,0,34320.4145305051,0,30311.7364164889,0,26318.4798908877,0,34320.4145305051,0,30311.8040925998,0,26318.4798908877,0,34320.4145305051,0,30311.8669241644,0,26318.4798908877,0,34320.4145305051,0,30311.9252600359,0,26318.4798908877,0,34320.4145305051,0,30311.9794241044,0,26318.4798908877,0,34320.4145305051,0,30312.0297170335,0,26318.4798908877,0,34320.4145305051,0,30312.0764178861,0,26318.4798908877,0,34320.4145305051,0,30312.1197856427,0,26318.4798908877,0,34320.4145305051,0,30312.1600606189,0,26318.4798908877,0,34320.4145305051,0,30312.1974657888,0,26318.4798908877,0,34320.4145305051,0,30312.2322080183,0,26318.4798908877,0,34320.4145305051,0,30312.2644792145,0,26318.4798908877,0,34320.4145305051,0,30312.2944573967,0,26318.4798908877,0,34320.4145305051,0,30312.3223076928,0,26318.4798908877,0,34320.4145305051,0,30312.3481832665,0,26318.4798908877,0,34320.4145305051,0,30312.37222618,0,26318.4798908877,0,34320.4145305051,0,30312.3945681958,0,26318.4798908877,0,34320.4145305051,0,30312.4153315215,0,26318.4798908877,0,34320.4145305051,0,30312.4346295024,0,26318.4798908877,0,34320.4145305051,0,30312.4525672645,0,26318.4798908877,0,34320.4145305051,0,30312.469242311,0,26318.4798908877,0,34320.4145305051,0,30312.4847450768,0,26318.4798908877,0,34320.4145305051,0
"29",0,0,0,0,0,0,0,0,0,0,0,0,0,0,0,0,0,0,0,0,0,0,0,0,0,0,0,0,0,0,0,0,0,0,0,0,0,0,0,0,0,0,0,0,0,0,0,0,0,0,0,0,0,0,0,0,0,0,0,0,0,0,0,0,0,0,0,0,0,0,0,0,0,0,0,0,0,0,0,0,0,0,0,0,0,0,0,0,0,0,0,0,0,0,0,0,0,0,0,0,0,0,0,0,0,0,0,0,0,0,0,0,0,0,0,0,0,0,0,0,0,0,0,0,0,0,0,0,0,0,0,0,0,0,0,0,0,0,0,0,0,0,0,0,0,0,0,0,0,0,0,0,0,0,0,0,0,0,0,0,0,0,0,0,0,0,0,0,0,0,0,0,0,0,0,0,0,0,0,0,0,0,0,0,0,0,0,0,0,0,0,0,0,0,0,0,0,0,0,0,0,0,0,0,0,0,0,0,0,0,0,0,0,0,0,0,0,0,0,0,0,0,0,0,0,0,0,0,0,0,0,0,0,0,0,0,0,0,0,0,0,0,0,0,0,0,0,0,0,0,0,0,0,0,0,0,0,0,0,0,0,0,0,0,0,0,0,0,0,0,0,0,0,0,0,0,0,0,0,0,0,0,0,0,0,0,0,0,0,0,0,0,0,0,0,0,0,0,0,0,500,0,500,0,500,0,0,0,0,0,0,0,800,0,800,0,800,0,400,0,400,0,400,0,600,0,600,0,600,0,0,0,0,0,0,0,0,0,0,0,0,0,921,0,921,0,921,0,42023,0,42023,0,42023,0,38280,0,38280,0,38280,0,69692,0,69692,0,69692,0,42456.5800477813,0,42459,0,42459,0,44228.4875170181,0,44235,0,44235,0,122239.642960056,0,96159.4920898617,0,147096.24274567,0,67878.6966662934,0,55002.3335752286,0,80222.8296983034,0,45614.2271175832,0,38133.2107059112,0,52950.8835233214,0,36535.4304360832,0,31181.1728206901,0,41869.568799087,0,32847.676738541,0,28306.6501673687,0,37403.1234512403,0,31355.3262415209,0,27149.0253676626,0,35588.2534284895,0,30753.882214235,0,26693.4293017489,0,34860.5787274612,0,30512.811858476,0,26504.2236253016,0,34555.5473354631,0,30417.0672552077,0,26428.59012468,0,34435.4092733104,0,30379.7426591252,0,26397.9525787252,0,34414.2002645412,0,30365.8133867439,0,26385.5559311433,0,34393.5036652024,0,30361.1991897747,0,26380.600420486,0,34385.2299234947,0,30360.2533588094,0,26378.6220113552,0,34381.9266292468,0,30360.7173297405,0,26377.8330429382,0,34380.6092604688,0,30361.6909589817,0,26377.5187166537,0,34380.0843996677,0,30362.8177257992,0,26377.3935951609,0,34379.8754651377,0,30363.9582553812,0,26377.3438262668,0,34379.7923556924,0,30365.0597183069,0,26377.3240430454,0,34379.7593185282,0,30366.1036628849,0,26377.3161837882,0,34397.1406596724,0,30367.0852057654,0,26377.3130631793,0,34397.1359233047,0,30368.0047431266,0,26377.3118246837,0,34397.134043165,0,30368.8646550063,0,26377.3113333601,0,34397.1332971537,0,30369.6679986433,0,26377.3111385208,0,34397.1330012637,0,30370.4179932552,0,26377.3110612816,0,34397.1328839468,0,30371.1178193482,0,26377.3110306716,0,34397.132837447,0,30371.7705428433,0,26377.3110185442,0,34397.1328190217,0,30372.379088633,0,26377.3110137407,0,34397.1328117227,0,30372.9462336551,0,26377.3110118386,0,34397.132808832,0,30373.4746076378,0,26377.3110110855,0,34397.1328076874,0,30373.9666968335,0,26377.3110107874,0,34397.1328072343,0,30374.4248488996,0,26377.3110106695,0,34397.132807055,0,30374.8512782017,0,26377.3110106228,0,34397.1328069841,0,30375.248071253,0,26377.3110106043,0,34397.132806956,0,30375.6171921751,0,26377.311010597,0,34397.1328069449,0,30375.9604881284,0,26377.3110105941,0,34397.1328069405,0,30376.279694685,0,26377.311010593,0,34397.1328069387,0,30376.5764411263,0,26377.3110105925,0,34397.132806938,0,30376.8522556475,0,26377.3110105924,0,34397.1328069378,0,30377.1085704566,0,26377.3110105923,0,34397.1328069377,0,30377.3467267533,0,26377.3110105922,0,34397.1328069376,0,30377.567979576,0,26377.3110105922,0,34397.1328069376,0,30377.7735025052,0,26377.3110105922,0,34397.1328069376,0,30377.9643922151,0,26377.3110105922,0,34397.1328069376,0,30378.1416728648,0,26377.3110105922,0,34397.1328069376,0,30378.3063003225,0,26377.3110105922,0,34397.1328069376,0,30378.4591662201,0,26377.3110105922,0,34397.1328069376,0,30378.6011018332,0,26377.3110105922,0,34397.1328069376,0,30378.7328817864,0,26377.3110105922,0,34397.1328069376,0,30378.8552275841,0,26377.3110105922,0,34397.1328069376,0,30378.9688109666,0,26377.3110105922,0,34397.1328069376,0,30379.0742570957,0,26377.3110105922,0,34397.1328069376,0,30379.1721475711,0,26377.3110105922,0,34397.1328069376,0,30379.2630232828,0,26377.3110105922,0,34397.1328069376,0,30379.3473871043,0,26377.3110105922,0,34397.1328069376,0,30379.4257064301,0,26377.3110105922,0,34397.1328069376,0,30379.498415565,0,26377.3110105922,0,34397.1328069376,0,30379.5659179702,0,26377.3110105922,0,34397.1328069376,0,30379.6285883714,0,26377.3110105922,0,34397.1328069376,0,30379.686774737,0,26377.3110105922,0,34397.1328069376,0,30379.7408001304,0,26377.3110105922,0,34397.1328069376,0,30379.7909644449,0,26377.3110105922,0,34397.1328069376,0,30379.8375460247,0,26377.3110105922,0,34397.1328069376,0,30379.8808031809,0,26377.3110105922,0,34397.1328069376,0,30379.9209756057,0,26377.3110105922,0,34397.1328069376,0,30379.9582856931,0,26377.3110105922,0,34397.1328069376,0,30379.9929397694,0,26377.3110105922,0,34397.1328069376,0,30380.02512924,0,26377.3110105922,0,34397.1328069376,0,30380.0550316579,0,26377.3110105922,0,34397.1328069376,0,30380.0828117176,0,26377.3110105922,0,34397.1328069376,0,30380.1086221804,0,26377.3110105922,0,34397.1328069376,0,30380.132604735,0,26377.3110105922,0,34397.1328069376,0,30380.1548907969,0,26377.3110105922,0,34397.1328069376,0,30380.1756022521,0,26377.3110105922,0,34397.1328069376,0,30380.1948521471,0,26377.3110105922,0,34397.1328069376,0,30380.2127453309,0,26377.3110105922,0,34397.1328069376,0,30380.22937905,0,26377.3110105922,0,34397.1328069376,0,30380.2448435011,0,26377.3110105922,0,34397.1328069376,0
"30",0,0,0,0,0,0,0,0,0,0,0,0,0,0,0,0,0,0,0,0,0,0,0,0,0,0,0,0,0,0,0,0,0,0,0,0,0,0,0,0,0,0,0,0,0,0,0,0,0,0,0,0,0,0,0,0,0,0,0,0,0,0,0,0,0,0,0,0,0,0,0,0,0,0,0,0,0,0,0,0,0,0,0,0,0,0,0,0,0,0,0,0,0,0,0,0,0,0,0,0,0,0,0,0,0,0,0,0,0,0,0,0,0,0,0,0,0,0,0,0,0,0,0,0,0,0,0,0,0,0,0,0,0,0,0,0,0,0,0,0,0,0,0,0,0,0,0,0,0,0,0,0,0,0,0,0,0,0,0,0,0,0,0,0,0,0,0,0,0,0,0,0,0,0,0,0,0,0,0,0,0,0,0,0,0,0,0,0,0,0,0,0,0,0,0,0,0,0,0,0,0,0,0,0,0,0,0,0,0,0,0,0,0,0,0,0,0,0,0,0,0,0,0,0,0,0,0,0,0,0,0,0,0,0,0,0,0,0,0,0,0,0,0,0,0,0,0,0,0,0,0,0,0,0,0,0,0,0,0,0,0,0,0,0,0,0,0,0,0,0,0,0,0,0,0,0,0,0,0,0,0,0,0,0,0,0,0,0,0,0,0,0,0,0,0,0,0,0,0,0,500,0,500,0,500,0,0,0,0,0,0,0,800,0,800,0,800,0,400,0,400,0,400,0,600,0,600,0,600,0,0,0,0,0,0,0,0,0,0,0,0,0,921,0,921,0,921,0,42023,0,42023,0,42023,0,38280,0,38280,0,38280,0,69692,0,69692,0,69692,0,42456.5800477813,0,42459,0,42459,0,44228.4875170181,0,44235,0,44235,0,126605.344494344,0,99593.7596644996,0,152349.679986586,0,67923.6437518873,0,55084.552029788,0,80245.29392947,0,44978.8601992282,0,37684.4311247438,0,52171.5995352089,0,36046.9531829913,0,30802.7505323101,0,41274.2514683514,0,32583.5561417157,0,28108.9401865966,0,37063.9914897101,0,31245.7710392454,0,27072.8231134907,0,35443.6393071026,0,30731.3154568756,0,26681.7267222589,0,34823.4930336635,0,30534.7351912317,0,26526.8861475833,0,34576.845475269,0,30460.4970703206,0,26468.0483204636,0,34483.7500516765,0,30433.1865103035,0,26444.9646409246,0,34473.0668251173,0,30423.7964908753,0,26436.1429327996,0,34458.3822866054,0,30421.1982700211,0,26432.7766050955,0,34452.7786216525,0,30421.1331140935,0,26431.4936819344,0,34450.6429979011,0,30421.976244538,0,26431.0053015735,0,34449.8299974913,0,30423.1106902329,0,26430.8195676773,0,34449.5208026054,0,30424.304347154,0,26430.74899242,0,34449.4033122623,0,30425.4717817435,0,26430.722195364,0,34449.3587009197,0,30426.5832983829,0,26430.7120274158,0,34449.341773143,0,30427.6302771719,0,26430.7081715323,0,34466.765466697,0,30428.6119807085,0,26430.7067100726,0,34466.7632529255,0,30429.5305411106,0,26430.7061564086,0,34466.7624140874,0,30430.3890600982,0,26430.7059467451,0,34466.7620963753,0,30431.1908923428,0,26430.705867379,0,34466.7619760884,0,30431.9393779795,0,26430.7058373461,0,34466.7619305636,0,30432.6377453371,0,26430.7058259848,0,34466.7619133394,0,30433.2890780203,0,26430.7058216882,0,34466.7619068246,0,30433.8963062302,0,26430.7058200637,0,34466.7619043611,0,30434.4622071582,0,26430.7058194496,0,34466.7619034298,0,30434.9894087366,0,26430.7058192176,0,34466.7619030778,0,30435.4803946075,0,26430.7058191299,0,34466.7619029448,0,30435.9375095106,0,26430.7058190968,0,34466.7619028946,0,30436.3629647982,0,26430.7058190842,0,34466.7619028756,0,30436.7588439653,0,26430.7058190795,0,34466.7619028684,0,30437.1271081515,0,26430.7058190777,0,34466.7619028657,0,30437.4696015931,0,26430.7058190771,0,34466.7619028647,0,30437.7880570091,0,26430.7058190768,0,34466.7619028643,0,30438.0841009067,0,26430.7058190767,0,34466.7619028642,0,30438.3592587932,0,26430.7058190767,0,34466.7619028641,0,30438.61496028,0,26430.7058190767,0,34466.7619028641,0,30438.8525440654,0,26430.7058190766,0,34466.7619028641,0,30439.0732627848,0,26430.7058190766,0,34466.7619028641,0,30439.2782877159,0,26430.7058190767,0,34466.7619028641,0,30439.4687133316,0,26430.7058190767,0,34466.7619028641,0,30439.6455616913,0,26430.7058190767,0,34466.7619028641,0,30439.8097866652,0,26430.7058190767,0,34466.7619028641,0,30439.9622779871,0,26430.7058190767,0,34466.7619028641,0,30440.1038651335,0,26430.7058190767,0,34466.7619028641,0,30440.2353210263,0,26430.7058190767,0,34466.7619028641,0,30440.3573655614,0,26430.7058190767,0,34466.7619028641,0,30440.4706689619,0,26430.7058190767,0,34466.7619028641,0,30440.5758549602,0,26430.7058190767,0,34466.7619028641,0,30440.6735038116,0,26430.7058190767,0,34466.7619028641,0,30440.7641551433,0,26430.7058190767,0,34466.7619028641,0,30440.8483106434,0,26430.7058190767,0,34466.7619028641,0,30440.9264365956,0,26430.7058190767,0,34466.7619028641,0,30440.9989662645,0,26430.7058190767,0,34466.7619028641,0,30441.066302138,0,26430.7058190767,0,34466.7619028641,0,30441.1288180322,0,26430.7058190767,0,34466.7619028641,0,30441.1868610658,0,26430.7058190767,0,34466.7619028641,0,30441.2407535095,0,26430.7058190767,0,34466.7619028641,0,30441.2907945169,0,26430.7058190767,0,34466.7619028641,0,30441.3372617431,0,26430.7058190767,0,34466.7619028641,0,30441.380412857,0,26430.7058190767,0,34466.7619028641,0,30441.4204869535,0,26430.7058190767,0,34466.7619028641,0,30441.4577058702,0,26430.7058190767,0,34466.7619028641,0,30441.4922754161,0,26430.7058190767,0,34466.7619028641,0,30441.5243865159,0,26430.7058190767,0,34466.7619028641,0,30441.5542162754,0,26430.7058190767,0,34466.7619028641,0,30441.5819289741,0,26430.7058190767,0,34466.7619028641,0,30441.6076769878,0,26430.7058190767,0,34466.7619028641,0,30441.631601647,0,26430.7058190767,0,34466.7619028641,0,30441.6538340351,0,26430.7058190767,0,34466.7619028641,0,30441.6744957295,0,26430.7058190767,0,34466.7619028641,0,30441.693699491,0,26430.7058190767,0,34466.7619028641,0,30441.7115499031,0,26430.7058190767,0,34466.7619028641,0,30441.7281439663,0,26430.7058190767,0,34466.7619028641,0,30441.743571649,0,26430.7058190767,0,34466.7619028641,0
"31",0,0,0,0,0,0,0,0,0,0,0,0,0,0,0,0,0,0,0,0,0,0,0,0,0,0,0,0,0,0,0,0,0,0,0,0,0,0,0,0,0,0,0,0,0,0,0,0,0,0,0,0,0,0,0,0,0,0,0,0,0,0,0,0,0,0,0,0,0,0,0,0,0,0,0,0,0,0,0,0,0,0,0,0,0,0,0,0,0,0,0,0,0,0,0,0,0,0,0,0,0,0,0,0,0,0,0,0,0,0,0,0,0,0,0,0,0,0,0,0,0,0,0,0,0,0,0,0,0,0,0,0,0,0,0,0,0,0,0,0,0,0,0,0,0,0,0,0,0,0,0,0,0,0,0,0,0,0,0,0,0,0,0,0,0,0,0,0,0,0,0,0,0,0,0,0,0,0,0,0,0,0,0,0,0,0,0,0,0,0,0,0,0,0,0,0,0,0,0,0,0,0,0,0,0,0,0,0,0,0,0,0,0,0,0,0,0,0,0,0,0,0,0,0,0,0,0,0,0,0,0,0,0,0,0,0,0,0,0,0,0,0,0,0,0,0,0,0,0,0,0,0,0,0,0,0,0,0,0,0,0,0,0,0,0,0,0,0,0,0,0,0,0,0,0,0,0,0,0,0,0,0,0,0,0,0,0,0,0,0,0,0,0,0,0,0,0,0,0,0,500,0,500,0,500,0,0,0,0,0,0,0,800,0,800,0,800,0,400,0,400,0,400,0,600,0,600,0,600,0,0,0,0,0,0,0,0,0,0,0,0,0,921,0,921,0,921,0,42023,0,42023,0,42023,0,38280,0,38280,0,38280,0,69692,0,69692,0,69692,0,42456.5800477813,0,42459,0,42459,0,44228.4875170181,0,44235,0,44235,0,130971.046028632,0,103028.027239138,0,157603.117227503,0,67804.5017284427,0,55040.8553978873,0,80066.2625087993,0,44279.2846068051,0,37174.6708062184,0,51300.4973837047,0,35556.6533090359,0,30419.001046474,0,40666.7899492382,0,32335.309354364,0,27920.0697871502,0,36751.8468491829,0,31150.3808040381,0,27008.4075062259,0,35334.967821963,0,30716.6265061393,0,26678.2593924623,0,34797.3243432607,0,30559.0541640975,0,26550.8720382332,0,34601.1513112062,0,30502.6960016378,0,26505.7397904632,0,34531.4820282079,0,30483.2935254245,0,26488.89191292,0,34528.604864793,0,30477.3118173042,0,26482.7595499931,0,34518.4248172556,0,30476.1535426715,0,26480.5307899075,0,34514.7249707522,0,30476.6867550239,0,26479.7218121206,0,34513.3820300361,0,30477.7747075028,0,26479.4285061915,0,34512.8951273644,0,30479.0075273698,0,26479.3222685171,0,34512.7187666193,0,30480.2396096651,0,26479.2838214758,0,34512.6549418693,0,30481.4211930997,0,26479.2699181343,0,34512.6318611784,0,30482.5371406791,0,26479.2648937151,0,34512.623520155,0,30483.5847220238,0,26479.2630790527,0,34530.0828435289,0,30484.5655637538,0,26479.2624239984,0,34530.0818530798,0,30485.4827397566,0,26479.262187649,0,34530.0814956491,0,30486.3397236725,0,26479.2621024081,0,34530.0813667169,0,30487.1400151252,0,26479.2620716771,0,34530.0813202268,0,30487.887009276,0,26479.2620606018,0,34530.0813034696,0,30488.5839540222,0,26479.2620566116,0,34530.0812974314,0,30489.2339386223,0,26479.2620551744,0,34530.0812952563,0,30489.8398935027,0,26479.2620546569,0,34530.081294473,0,30490.4045939802,0,26479.2620544706,0,34530.0812941909,0,30490.9306653175,0,26479.2620544035,0,34530.0812940894,0,30491.4205882034,0,26479.2620543794,0,34530.0812940529,0,30491.8767043436,0,26479.2620543707,0,34530.0812940397,0,30492.3012220583,0,26479.2620543676,0,34530.081294035,0,30492.696221849,0,26479.2620543664,0,34530.0812940333,0,30493.0636619192,0,26479.262054366,0,34530.0812940327,0,30493.4053836376,0,26479.2620543659,0,34530.0812940325,0,30493.7231169323,0,26479.2620543658,0,34530.0812940324,0,30494.0184856028,0,26479.2620543658,0,34530.0812940323,0,30494.2930125371,0,26479.2620543658,0,34530.0812940323,0,30494.5481248202,0,26479.2620543658,0,34530.0812940323,0,30494.7851587197,0,26479.2620543658,0,34530.0812940323,0,30495.0053645386,0,26479.2620543658,0,34530.0812940323,0,30495.2099113225,0,26479.2620543658,0,34530.0812940323,0,30495.3998914123,0,26479.2620543658,0,34530.0812940323,0,30495.576324836,0,26479.2620543658,0,34530.0812940323,0,30495.7401635322,0,26479.2620543658,0,34530.0812940323,0,30495.8922954015,0,26479.2620543658,0,34530.0812940323,0,30496.0335481837,0,26479.2620543658,0,34530.0812940323,0,30496.1646931586,0,26479.2620543658,0,34530.0812940323,0,30496.2864486714,0,26479.2620543658,0,34530.0812940323,0,30496.3994834834,0,26479.2620543658,0,34530.0812940323,0,30496.5044199508,0,26479.2620543658,0,34530.0812940323,0,30496.6018370351,0,26479.2620543658,0,34530.0812940323,0,30496.6922731483,0,26479.2620543658,0,34530.0812940323,0,30496.776228839,0,26479.2620543658,0,34530.0812940323,0,30496.8541693228,0,26479.2620543658,0,34530.0812940323,0,30496.9265268648,0,26479.2620543658,0,34530.0812940323,0,30496.9937030179,0,26479.2620543658,0,34530.0812940323,0,30497.0560707246,0,26479.2620543658,0,34530.0812940323,0,30497.1139762878,0,26479.2620543658,0,34530.0812940323,0,30497.1677412172,0,26479.2620543658,0,34530.0812940323,0,30497.2176639566,0,26479.2620543658,0,34530.0812940323,0,30497.2640214999,0,26479.2620543658,0,34530.0812940323,0,30497.3070709,0,26479.2620543658,0,34530.0812940323,0,30497.3470506784,0,26479.2620543658,0,34530.0812940323,0,30497.3841821394,0,26479.2620543658,0,34530.0812940323,0,30497.4186705961,0,26479.2620543658,0,34530.0812940323,0,30497.4507065117,0,26479.2620543658,0,34530.0812940323,0,30497.4804665639,0,26479.2620543658,0,34530.0812940323,0,30497.508114634,0,26479.2620543658,0,34530.0812940323,0,30497.5338027281,0,26479.2620543658,0,34530.0812940323,0,30497.5576718337,0,26479.2620543658,0,34530.0812940323,0,30497.5798527155,0,26479.2620543658,0,34530.0812940323,0,30497.6004666557,0,26479.2620543658,0,34530.0812940323,0,30497.6196261407,0,26479.2620543658,0,34530.0812940323,0,30497.6374354997,0,26479.2620543658,0,34530.0812940323,0,30497.6539914973,0,26479.2620543658,0,34530.0812940323,0,30497.6693838836,0,26479.2620543658,0,34530.0812940323,0
"32",0,0,0,0,0,0,0,0,0,0,0,0,0,0,0,0,0,0,0,0,0,0,0,0,0,0,0,0,0,0,0,0,0,0,0,0,0,0,0,0,0,0,0,0,0,0,0,0,0,0,0,0,0,0,0,0,0,0,0,0,0,0,0,0,0,0,0,0,0,0,0,0,0,0,0,0,0,0,0,0,0,0,0,0,0,0,0,0,0,0,0,0,0,0,0,0,0,0,0,0,0,0,0,0,0,0,0,0,0,0,0,0,0,0,0,0,0,0,0,0,0,0,0,0,0,0,0,0,0,0,0,0,0,0,0,0,0,0,0,0,0,0,0,0,0,0,0,0,0,0,0,0,0,0,0,0,0,0,0,0,0,0,0,0,0,0,0,0,0,0,0,0,0,0,0,0,0,0,0,0,0,0,0,0,0,0,0,0,0,0,0,0,0,0,0,0,0,0,0,0,0,0,0,0,0,0,0,0,0,0,0,0,0,0,0,0,0,0,0,0,0,0,0,0,0,0,0,0,0,0,0,0,0,0,0,0,0,0,0,0,0,0,0,0,0,0,0,0,0,0,0,0,0,0,0,0,0,0,0,0,0,0,0,0,0,0,0,0,0,0,0,0,0,0,0,0,0,0,0,0,0,0,0,0,0,0,0,0,0,0,0,0,0,0,0,0,0,0,0,0,500,0,500,0,500,0,0,0,0,0,0,0,800,0,800,0,800,0,400,0,400,0,400,0,600,0,600,0,600,0,0,0,0,0,0,0,0,0,0,0,0,0,921,0,921,0,921,0,42023,0,42023,0,42023,0,38280,0,38280,0,38280,0,69692,0,69692,0,69692,0,42456.5800477813,0,42459,0,42459,0,44228.4875170181,0,44235,0,44235,0,135336.74756292,0,106462.294813775,0,162856.55446842,0,67521.2705959596,0,54867.8371533591,0,79692.1225952674,0,43524.6963450329,0,36610.6209511247,0,50376.9773393522,0,35071.4160489981,0,30055.8116064769,0,40065.7412942391,0,32105.5489099103,0,27751.5891511105,0,36463.6303891991,0,31069.2907682126,0,26956.0622234415,0,35236.6774551055,0,30709.1772691953,0,26674.8380962147,0,34781.6345621222,0,30585.2052693738,0,26576.2555555073,0,34627.5246629142,0,30543.426094542,0,26541.8647304127,0,34581.9710950105,0,30530.1365551217,0,26529.8452169289,0,34580.7848903378,0,30526.6545585397,0,26525.6888340324,0,34573.9024610692,0,30526.4985865884,0,26524.2536947852,0,34571.5261145391,0,30527.4269321662,0,26523.7588057791,0,34570.7066774071,0,30528.6679570354,0,26523.5883426719,0,34570.424428335,0,30529.9586643284,0,26523.5296850231,0,34570.3273051601,0,30531.2116484339,0,26523.5095178966,0,34570.2939133615,0,30532.3999305252,0,26523.5025894803,0,34570.2824416418,0,30533.5172023967,0,26523.5002108155,0,34570.2785031722,0,30534.5641254061,0,26523.4993946564,0,34587.7687503961,0,30535.5436186693,0,26523.4991147666,0,34587.7683279106,0,30536.4592442893,0,26523.4990188278,0,34587.7681830672,0,30537.3146580189,0,26523.4989859565,0,34587.7681334314,0,30538.1134257752,0,26523.4989746981,0,34587.7681164287,0,30538.8589654273,0,26523.4989708435,0,34587.7681106064,0,30539.5545312663,0,26523.4989695241,0,34587.7681086134,0,30540.2032128786,0,26523.4989690727,0,34587.7681079313,0,30540.807938785,0,26523.4989689183,0,34587.768107698,0,30541.3714815937,0,26523.4989688655,0,34587.7681076182,0,30541.896463589,0,26523.4989688474,0,34587.7681075909,0,30542.385362411,0,26523.4989688412,0,34587.7681075815,0,30542.8405167244,0,26523.4989688391,0,34587.7681075784,0,30543.2641318483,0,26523.4989688384,0,34587.7681075773,0,30543.6582853397,0,26523.4989688381,0,34587.7681075769,0,30544.0249325238,0,26523.4989688381,0,34587.7681075768,0,30544.3659119648,0,26523.498968838,0,34587.7681075767,0,30544.6829508663,0,26523.498968838,0,34587.7681075767,0,30544.9776703888,0,26523.498968838,0,34587.7681075767,0,30545.2515908714,0,26523.498968838,0,34587.7681075767,0,30545.5061369428,0,26523.498968838,0,34587.7681075767,0,30545.7426425112,0,26523.498968838,0,34587.7681075767,0,30545.9623556177,0,26523.498968838,0,34587.7681075767,0,30546.1664431449,0,26523.498968838,0,34587.7681075767,0,30546.3559953702,0,26523.498968838,0,34587.7681075767,0,30546.5320303571,0,26523.498968838,0,34587.7681075767,0,30546.6954981775,0,26523.498968838,0,34587.7681075767,0,30546.8472849616,0,26523.498968838,0,34587.7681075767,0,30546.9882167733,0,26523.498968838,0,34587.7681075767,0,30547.1190633086,0,26523.498968838,0,34587.7681075767,0,30547.2405414178,0,26523.498968838,0,34587.7681075767,0,30547.353318454,0,26523.498968838,0,34587.7681075767,0,30547.4580154482,0,26523.498968838,0,34587.7681075767,0,30547.5552101164,0,26523.498968838,0,34587.7681075767,0,30547.6454397016,0,26523.498968838,0,34587.7681075767,0,30547.729203656,0,26523.498968838,0,34587.7681075767,0,30547.8069661686,0,26523.498968838,0,34587.7681075767,0,30547.8791585435,0,26523.498968838,0,34587.7681075767,0,30547.9461814351,0,26523.498968838,0,34587.7681075767,0,30548.0084069469,0,26523.498968838,0,34587.7681075767,0,30548.0661805981,0,26523.498968838,0,34587.7681075767,0,30548.1198231674,0,26523.498968838,0,34587.7681075767,0,30548.1696324174,0,26523.498968838,0,34587.7681075767,0,30548.2158847071,0,26523.498968838,0,34587.7681075767,0,30548.2588364983,0,26523.498968838,0,34587.7681075767,0,30548.2987257623,0,26523.498968838,0,34587.7681075767,0,30548.3357732916,0,26523.498968838,0,34587.7681075767,0,30548.3701839233,0,26523.498968838,0,34587.7681075767,0,30548.4021476784,0,26523.498968838,0,34587.7681075767,0,30548.4318408233,0,26523.498968838,0,34587.7681075767,0,30548.4594268577,0,26523.498968838,0,34587.7681075767,0,30548.4850574332,0,26523.498968838,0,34587.7681075767,0,30548.5088732081,0,26523.498968838,0,34587.7681075767,0,30548.5310046418,0,26523.498968838,0,34587.7681075767,0,30548.551572733,0,26523.498968838,0,34587.7681075767,0,30548.5706897052,0,26523.498968838,0,34587.7681075767,0,30548.5884596438,0,26523.498968838,0,34587.7681075767,0,30548.6049790872,0,26523.498968838,0,34587.7681075767,0,30548.6203375759,0,26523.498968838,0,34587.7681075767,0
"33",0,0,0,0,0,0,0,0,0,0,0,0,0,0,0,0,0,0,0,0,0,0,0,0,0,0,0,0,0,0,0,0,0,0,0,0,0,0,0,0,0,0,0,0,0,0,0,0,0,0,0,0,0,0,0,0,0,0,0,0,0,0,0,0,0,0,0,0,0,0,0,0,0,0,0,0,0,0,0,0,0,0,0,0,0,0,0,0,0,0,0,0,0,0,0,0,0,0,0,0,0,0,0,0,0,0,0,0,0,0,0,0,0,0,0,0,0,0,0,0,0,0,0,0,0,0,0,0,0,0,0,0,0,0,0,0,0,0,0,0,0,0,0,0,0,0,0,0,0,0,0,0,0,0,0,0,0,0,0,0,0,0,0,0,0,0,0,0,0,0,0,0,0,0,0,0,0,0,0,0,0,0,0,0,0,0,0,0,0,0,0,0,0,0,0,0,0,0,0,0,0,0,0,0,0,0,0,0,0,0,0,0,0,0,0,0,0,0,0,0,0,0,0,0,0,0,0,0,0,0,0,0,0,0,0,0,0,0,0,0,0,0,0,0,0,0,0,0,0,0,0,0,0,0,0,0,0,0,0,0,0,0,0,0,0,0,0,0,0,0,0,0,0,0,0,0,0,0,0,0,0,0,0,0,0,0,0,0,0,0,0,0,0,0,0,0,0,0,0,0,500,0,500,0,500,0,0,0,0,0,0,0,800,0,800,0,800,0,400,0,400,0,400,0,600,0,600,0,600,0,0,0,0,0,0,0,0,0,0,0,0,0,921,0,921,0,921,0,42023,0,42023,0,42023,0,38280,0,38280,0,38280,0,69692,0,69692,0,69692,0,42456.5800477813,0,42459,0,42459,0,44228.4875170181,0,44235,0,44235,0,139702.449097207,0,109896.562388413,0,168109.991709337,0,67073.9503544378,0,54594.9588927186,0,79083.8315932648,0,42724.2914186308,0,35983.8278279371,0,49379.082693012,0,34597.4427426569,0,29697.0767381066,0,39492.277371591,0,31896.1458953926,0,27595.0693600958,0,36200.9865422817,0,31002.1903600452,0,26909.369908572,0,35145.8336848723,0,30708.1638114568,0,26677.6299208351,0,34776.4857849315,0,30612.6083891925,0,26601.7954030372,0,34656.0688413335,0,30582.4766083359,0,26576.3062442074,0,34632.6810808448,0,30573.8064106811,0,26567.9410686039,0,34629.6208922135,0,30572.112259485,0,26565.200483185,0,34625.0934401853,0,30572.6348155037,0,26564.30396585,0,34623.61245559,0,30573.8160836672,0,26564.0110742134,0,34623.1286356152,0,30575.1493992862,0,26563.9154952975,0,34622.9707556658,0,30576.4725905482,0,26563.8843360321,0,34622.9192870236,0,30577.736066645,0,26563.8741867338,0,34622.9025227685,0,30578.9268659794,0,26563.8708833867,0,34622.897066485,0,30580.0438252583,0,26563.8698089504,0,34622.8952918083,0,30581.089477647,0,26563.8694596906,0,34640.4129748034,0,30582.067417146,0,26563.8693462193,0,34640.412803788,0,30582.9814463094,0,26563.8693093709,0,34640.4127482431,0,30583.8353046915,0,26563.8692974099,0,34640.4127302103,0,30584.6325858649,0,26563.8692935289,0,34640.4127243583,0,30585.3767153534,0,26563.86929227,0,34640.4127224598,0,30586.0709480298,0,26563.8692918618,0,34640.4127218441,0,30586.7183715906,0,26563.8692917295,0,34640.4127216445,0,30587.3219118249,0,26563.8692916866,0,34640.4127215799,0,30587.8843383434,0,26563.8692916727,0,34640.4127215589,0,30588.408270371,0,26563.8692916682,0,34640.4127215521,0,30588.8961825007,0,26563.8692916668,0,34640.4127215499,0,30589.3504103914,0,26563.8692916663,0,34640.4127215492,0,30589.7731564123,0,26563.8692916661,0,34640.4127215489,0,30590.166495234,0,26563.8692916661,0,34640.4127215489,0,30590.5323793667,0,26563.8692916661,0,34640.4127215489,0,30590.8726446364,0,26563.8692916661,0,34640.4127215488,0,30591.1890155907,0,26563.8692916661,0,34640.4127215488,0,30591.4831108208,0,26563.8692916661,0,34640.4127215488,0,30591.7564481868,0,26563.8692916661,0,34640.4127215488,0,30592.0104499322,0,26563.8692916661,0,34640.4127215488,0,30592.2464476755,0,26563.8692916661,0,34640.4127215488,0,30592.4656872654,0,26563.8692916661,0,34640.4127215488,0,30592.6693334898,0,26563.8692916661,0,34640.4127215488,0,30592.8584746296,0,26563.8692916661,0,34640.4127215488,0,30593.0341268483,0,26563.8692916661,0,34640.4127215488,0,30593.1972384143,0,26563.8692916661,0,34640.4127215488,0,30593.3486937485,0,26563.8692916661,0,34640.4127215488,0,30593.4893172973,0,26563.8692916661,0,34640.4127215488,0,30593.6198772291,0,26563.8692916661,0,34640.4127215488,0,30593.7410889534,0,26563.8692916661,0,34640.4127215488,0,30593.8536184662,0,26563.8692916661,0,34640.4127215488,0,30593.958085522,0,26563.8692916661,0,34640.4127215488,0,30594.0550666378,0,26563.8692916661,0,34640.4127215488,0,30594.1450979314,0,26563.8692916661,0,34640.4127215488,0,30594.2286778004,0,26563.8692916661,0,34640.4127215488,0,30594.3062694462,0,26563.8692916661,0,34640.4127215488,0,30594.3783032488,0,26563.8692916661,0,34640.4127215488,0,30594.4451789992,0,26563.8692916661,0,34640.4127215488,0,30594.507267994,0,26563.8692916661,0,34640.4127215488,0,30594.5649149997,0,26563.8692916661,0,34640.4127215488,0,30594.6184400929,0,26563.8692916661,0,34640.4127215488,0,30594.6681403815,0,26563.8692916661,0,34640.4127215488,0,30594.7142916148,0,26563.8692916661,0,34640.4127215488,0,30594.7571496872,0,26563.8692916661,0,34640.4127215488,0,30594.7969520415,0,26563.8692916661,0,34640.4127215488,0,30594.833918979,0,26563.8692916661,0,34640.4127215488,0,30594.8682548798,0,26563.8692916661,0,34640.4127215488,0,30594.9001493404,0,26563.8692916661,0,34640.4127215488,0,30594.9297782328,0,26563.8692916661,0,34640.4127215488,0,30594.9573046902,0,26563.8692916661,0,34640.4127215488,0,30594.9828800239,0,26563.8692916661,0,34640.4127215488,0,30595.0066445766,0,26563.8692916661,0,34640.4127215488,0,30595.0287285144,0,26563.8692916661,0,34640.4127215488,0,30595.0492525642,0,26563.8692916661,0,34640.4127215488,0,30595.0683286971,0,26563.8692916661,0,34640.4127215488,0,30595.0860607648,0,26563.8692916661,0,34640.4127215488,0,30595.1025450886,0,26563.8692916661,0,34640.4127215488,0,30595.1178710078,0,26563.8692916661,0,34640.4127215488,0
"34",0,0,0,0,0,0,0,0,0,0,0,0,0,0,0,0,0,0,0,0,0,0,0,0,0,0,0,0,0,0,0,0,0,0,0,0,0,0,0,0,0,0,0,0,0,0,0,0,0,0,0,0,0,0,0,0,0,0,0,0,0,0,0,0,0,0,0,0,0,0,0,0,0,0,0,0,0,0,0,0,0,0,0,0,0,0,0,0,0,0,0,0,0,0,0,0,0,0,0,0,0,0,0,0,0,0,0,0,0,0,0,0,0,0,0,0,0,0,0,0,0,0,0,0,0,0,0,0,0,0,0,0,0,0,0,0,0,0,0,0,0,0,0,0,0,0,0,0,0,0,0,0,0,0,0,0,0,0,0,0,0,0,0,0,0,0,0,0,0,0,0,0,0,0,0,0,0,0,0,0,0,0,0,0,0,0,0,0,0,0,0,0,0,0,0,0,0,0,0,0,0,0,0,0,0,0,0,0,0,0,0,0,0,0,0,0,0,0,0,0,0,0,0,0,0,0,0,0,0,0,0,0,0,0,0,0,0,0,0,0,0,0,0,0,0,0,0,0,0,0,0,0,0,0,0,0,0,0,0,0,0,0,0,0,0,0,0,0,0,0,0,0,0,0,0,0,0,0,0,0,0,0,0,0,0,0,0,0,0,0,0,0,0,0,0,0,0,0,0,0,500,0,500,0,500,0,0,0,0,0,0,0,800,0,800,0,800,0,400,0,400,0,400,0,600,0,600,0,600,0,0,0,0,0,0,0,0,0,0,0,0,0,921,0,921,0,921,0,42023,0,42023,0,42023,0,38280,0,38280,0,38280,0,69692,0,69692,0,69692,0,42456.5800477813,0,42459,0,42459,0,44228.4875170181,0,44235,0,44235,0,144068.150631495,0,113330.829963051,0,173363.428950254,0,66462.5410038775,0,54194.4051013658,0,78332.8037332614,0,41887.2658323181,0,35335.8700128209,0,48355.374487287,0,34140.2508347892,0,29356.3146031539,0,38914.4766875418,0,31708.2932724334,0,27454.1845873486,0,35985.4917391843,0,30948.411758922,0,26871.2006481668,0,35072.5053289112,0,30712.6856773022,0,26684.8769311811,0,34778.4313542707,0,30640.7044759094,0,26627.2513351384,0,34686.0048439512,0,30619.6782072274,0,26608.9717609117,0,34680.4773611463,0,30614.414754975,0,26603.3056603595,0,34675.1702073735,0,30613.9650391261,0,26601.5523928372,0,34672.2800958724,0,30614.9331940166,0,26601.0106956239,0,34671.3872082654,0,30616.2708333609,0,26600.8435497065,0,34671.1117128567,0,30617.6574670316,0,26600.7920339648,0,34671.0268063728,0,30618.9977590033,0,26600.7761721611,0,34671.0006643589,0,30620.2657816428,0,26600.7712925236,0,34670.9926223913,0,30621.4568564462,0,26600.7697925252,0,34670.9901503479,0,30622.5726912018,0,26600.769331737,0,34671.3059896074,0,30623.6168049096,0,26600.7691902708,0,34688.5317676605,0,30624.5931262452,0,26600.7691468625,0,34688.5317023333,0,30625.5055691786,0,26600.7691335491,0,34688.531682294,0,30626.357908645,0,26600.7691294677,0,34688.5316761496,0,30627.1537478782,0,26600.7691282169,0,34688.5316742664,0,30627.8965134345,0,26600.7691278337,0,34688.5316736894,0,30628.5894583631,0,26600.7691277164,0,34688.5316735127,0,30629.2356676187,0,26600.7691276805,0,34688.5316734585,0,30629.8380639772,0,26600.7691276695,0,34688.531673442,0,30630.3994139806,0,26600.7691276661,0,34688.5316734369,0,30630.9223338016,0,26600.7691276651,0,34688.5316734354,0,30631.4092950245,0,26600.7691276648,0,34688.5316734349,0,30631.8626303546,0,26600.7691276647,0,34688.5316734347,0,30632.2845392694,0,26600.7691276646,0,34688.5316734347,0,30632.6770936166,0,26600.7691276646,0,34688.5316734347,0,30633.0422431567,0,26600.7691276646,0,34688.5316734347,0,30633.3818210453,0,26600.7691276646,0,34688.5316734347,0,30633.6975492431,0,26600.7691276646,0,34688.5316734347,0,30633.9910438414,0,26600.7691276646,0,34688.5316734347,0,30634.2638202916,0,26600.7691276646,0,34688.5316734347,0,30634.5172985215,0,26600.7691276646,0,34688.5316734347,0,30634.7528079291,0,26600.7691276646,0,34688.5316734347,0,30634.9715922385,0,26600.7691276646,0,34688.5316734347,0,30635.1748142096,0,26600.7691276646,0,34688.5316734347,0,30635.3635601913,0,26600.7691276646,0,34688.5316734347,0,30635.5388445106,0,26600.7691276646,0,34688.5316734347,0,30635.7016136932,0,26600.7691276646,0,34688.5316734347,0,30635.8527505092,0,26600.7691276646,0,34688.5316734347,0,30635.9930778443,0,26600.7691276646,0,34688.5316734347,0,30636.1233623931,0,26600.7691276646,0,34688.5316734347,0,30636.2443181759,0,26600.7691276646,0,34688.5316734347,0,30636.3566098807,0,26600.7691276646,0,34688.5316734347,0,30636.4608560325,0,26600.7691276646,0,34688.5316734347,0,30636.5576319934,0,26600.7691276646,0,34688.5316734347,0,30636.6474727979,0,26600.7691276646,0,34688.5316734347,0,30636.7308758287,0,26600.7691276646,0,34688.5316734347,0,30636.8083033367,0,26600.7691276646,0,34688.5316734347,0,30636.8801848133,0,26600.7691276646,0,34688.5316734347,0,30636.9469192189,0,26600.7691276646,0,34688.5316734347,0,30637.0088770743,0,26600.7691276646,0,34688.5316734347,0,30637.0664024225,0,26600.7691276646,0,34688.5316734347,0,30637.1198146649,0,26600.7691276646,0,34688.5316734347,0,30637.1694102806,0,26600.7691276646,0,34688.5316734347,0,30637.2154644331,0,26600.7691276646,0,34688.5316734347,0,30637.2582324713,0,26600.7691276646,0,34688.5316734347,0,30637.2979513306,0,26600.7691276646,0,34688.5316734347,0,30637.3348408402,0,26600.7691276646,0,34688.5316734347,0,30637.3691049417,0,26600.7691276646,0,34688.5316734347,0,30637.4009328235,0,26600.7691276646,0,34688.5316734347,0,30637.430499979,0,26600.7691276646,0,34688.5316734347,0,30637.4579691893,0,26600.7691276646,0,34688.5316734347,0,30637.4834914393,0,26600.7691276646,0,34688.5316734347,0,30637.5072067682,0,26600.7691276646,0,34688.5316734347,0,30637.5292450611,0,26600.7691276646,0,34688.5316734347,0,30637.5497267833,0,26600.7691276646,0,34688.5316734347,0,30637.5687636643,0,26600.7691276646,0,34688.5316734347,0,30637.5864593307,0,26600.7691276646,0,34688.5316734347,0,30637.6029098957,0,26600.7691276646,0,34688.5316734347,0,30637.6182045054,0,26600.7691276646,0,34688.5316734347,0
"35",0,0,0,0,0,0,0,0,0,0,0,0,0,0,0,0,0,0,0,0,0,0,0,0,0,0,0,0,0,0,0,0,0,0,0,0,0,0,0,0,0,0,0,0,0,0,0,0,0,0,0,0,0,0,0,0,0,0,0,0,0,0,0,0,0,0,0,0,0,0,0,0,0,0,0,0,0,0,0,0,0,0,0,0,0,0,0,0,0,0,0,0,0,0,0,0,0,0,0,0,0,0,0,0,0,0,0,0,0,0,0,0,0,0,0,0,0,0,0,0,0,0,0,0,0,0,0,0,0,0,0,0,0,0,0,0,0,0,0,0,0,0,0,0,0,0,0,0,0,0,0,0,0,0,0,0,0,0,0,0,0,0,0,0,0,0,0,0,0,0,0,0,0,0,0,0,0,0,0,0,0,0,0,0,0,0,0,0,0,0,0,0,0,0,0,0,0,0,0,0,0,0,0,0,0,0,0,0,0,0,0,0,0,0,0,0,0,0,0,0,0,0,0,0,0,0,0,0,0,0,0,0,0,0,0,0,0,0,0,0,0,0,0,0,0,0,0,0,0,0,0,0,0,0,0,0,0,0,0,0,0,0,0,0,0,0,0,0,0,0,0,0,0,0,0,0,0,0,0,0,0,0,0,0,0,0,0,0,0,0,0,0,0,0,0,0,0,0,0,0,500,0,500,0,500,0,0,0,0,0,0,0,800,0,800,0,800,0,400,0,400,0,400,0,600,0,600,0,600,0,0,0,0,0,0,0,0,0,0,0,0,0,921,0,921,0,921,0,42023,0,42023,0,42023,0,38280,0,38280,0,38280,0,69692,0,69692,0,69692,0,42456.5800477813,0,42459,0,42459,0,44228.4875170181,0,44235,0,44235,0,148433.852165783,0,116765.097537689,0,178616.86619117,0,65687.0425442786,0,53666.0482244333,0,77357.4575784641,0,41022.8155908138,0,34668.3950844738,0,47301.2435940137,0,33704.67387517,0,29018.638456996,0,38380.7539248586,0,31542.5691982114,0,27328.5438099747,0,35781.9699053702,0,30907.0114399025,0,26844.3087341872,0,35015.3752622918,0,30721.8033460908,0,26695.6601273122,0,34785.2386084909,0,30668.9820523296,0,26652.5665003741,0,34716.6273446228,0,30654.9096399106,0,26639.8000316643,0,34722.9287603626,0,30652.0931249846,0,26636.0754223868,0,34717.529136015,0,30652.484241827,0,26634.9906626391,0,34715.7446212593,0,30653.7353446575,0,26634.6752141016,0,34715.2257233791,0,30655.1658977291,0,26634.5836021338,0,34715.0750356436,0,30656.5817305197,0,26634.5570267706,0,34715.0313255343,0,30657.9301647054,0,26634.5493253084,0,34715.01865903,0,30659.1994863336,0,26634.5470953933,0,34715.0149916486,0,30660.3897002727,0,26634.5464502285,0,34715.0139306244,0,30661.5040419124,0,26634.5462636939,0,34716.7237372579,0,30662.5465230202,0,26634.546209794,0,34732.5784261236,0,30663.5212285089,0,26634.5461942277,0,34732.5784027286,0,30664.4321199609,0,26634.5461897343,0,34732.5783959742,0,30665.2829851225,0,26634.5461884378,0,34732.578394025,0,30666.0774289898,0,26634.5461880638,0,34732.5783934627,0,30666.8188764254,0,26634.546187956,0,34732.5783933006,0,30667.5105777385,0,26634.5461879249,0,34732.5783932538,0,30668.1556148557,0,26634.5461879159,0,34732.5783932404,0,30668.7569074736,0,26634.5461879134,0,34732.5783932365,0,30669.3172190768,0,26634.5461879126,0,34732.5783932354,0,30669.8391628266,0,26634.5461879124,0,34732.5783932351,0,30670.325207351,0,26634.5461879124,0,34732.578393235,0,30670.7776824602,0,26634.5461879123,0,34732.5783932349,0,30671.1987848024,0,26634.5461879123,0,34732.5783932349,0,30671.590583467,0,26634.5461879123,0,34732.5783932349,0,30671.955025532,0,26634.5461879123,0,34732.5783932349,0,30672.2939415507,0,26634.5461879123,0,34732.5783932349,0,30672.6090509654,0,26634.5461879123,0,34732.5783932349,0,30672.9019674372,0,26634.5461879123,0,34732.5783932349,0,30673.1742040775,0,26634.5461879123,0,34732.5783932349,0,30673.4271785669,0,26634.5461879123,0,34732.5783932349,0,30673.6622181503,0,26634.5461879123,0,34732.5783932349,0,30673.8805644936,0,26634.5461879123,0,34732.5783932349,0,30674.0833783932,0,26634.5461879123,0,34732.5783932349,0,30674.2717443291,0,26634.5461879123,0,34732.5783932349,0,30674.4466748525,0,26634.5461879123,0,34732.5783932349,0,30674.6091148052,0,26634.5461879123,0,34732.5783932349,0,30674.7599453631,0,26634.5461879123,0,34732.5783932349,0,30674.8999879054,0,26634.5461879123,0,34732.5783932349,0,30675.0300077046,0,26634.5461879123,0,34732.5783932349,0,30675.1507174412,0,26634.5461879123,0,34732.5783932349,0,30675.2627805425,0,26634.5461879123,0,34732.5783932349,0,30675.3668143483,0,26634.5461879123,0,34732.5783932349,0,30675.463393108,0,26634.5461879123,0,34732.5783932349,0,30675.5530508132,0,26634.5461879123,0,34732.5783932349,0,30675.6362838688,0,26634.5461879123,0,34732.5783932349,0,30675.7135536113,0,26634.5461879123,0,34732.5783932349,0,30675.7852886767,0,26634.5461879123,0,34732.5783932349,0,30675.8518872261,0,26634.5461879123,0,34732.5783932349,0,30675.9137190342,0,26634.5461879123,0,34732.5783932349,0,30675.9711274478,0,26634.5461879123,0,34732.5783932349,0,30676.0244312194,0,26634.5461879123,0,34732.5783932349,0,30676.0739262233,0,26634.5461879123,0,34732.5783932349,0,30676.1198870596,0,26634.5461879123,0,34732.5783932349,0,30676.162568553,0,26634.5461879123,0,34732.5783932349,0,30676.2022071512,0,26634.5461879123,0,34732.5783932349,0,30676.2390222298,0,26634.5461879123,0,34732.5783932349,0,30676.2732173085,0,26634.5461879123,0,34732.5783932349,0,30676.3049811841,0,26634.5461879123,0,34732.5783932349,0,30676.3344889858,0,26634.5461879123,0,34732.5783932349,0,30676.3619031567,0,26634.5461879123,0,34732.5783932349,0,30676.3873743678,0,26634.5461879123,0,34732.5783932349,0,30676.4110423671,0,26634.5461879123,0,34732.5783932349,0,30676.433036769,0,26634.5461879123,0,34732.5783932349,0,30676.4534777885,0,26634.5461879123,0,34732.5783932349,0,30676.4724769221,0,26634.5461879123,0,34732.5783932349,0,30676.4901375806,0,26634.5461879123,0,34732.5783932349,0,30676.5065556774,0,26634.5461879123,0,34732.5783932349,0,30676.5218201728,0,26634.5461879123,0,34732.5783932349,0
"36",0,0,0,0,0,0,0,0,0,0,0,0,0,0,0,0,0,0,0,0,0,0,0,0,0,0,0,0,0,0,0,0,0,0,0,0,0,0,0,0,0,0,0,0,0,0,0,0,0,0,0,0,0,0,0,0,0,0,0,0,0,0,0,0,0,0,0,0,0,0,0,0,0,0,0,0,0,0,0,0,0,0,0,0,0,0,0,0,0,0,0,0,0,0,0,0,0,0,0,0,0,0,0,0,0,0,0,0,0,0,0,0,0,0,0,0,0,0,0,0,0,0,0,0,0,0,0,0,0,0,0,0,0,0,0,0,0,0,0,0,0,0,0,0,0,0,0,0,0,0,0,0,0,0,0,0,0,0,0,0,0,0,0,0,0,0,0,0,0,0,0,0,0,0,0,0,0,0,0,0,0,0,0,0,0,0,0,0,0,0,0,0,0,0,0,0,0,0,0,0,0,0,0,0,0,0,0,0,0,0,0,0,0,0,0,0,0,0,0,0,0,0,0,0,0,0,0,0,0,0,0,0,0,0,0,0,0,0,0,0,0,0,0,0,0,0,0,0,0,0,0,0,0,0,0,0,0,0,0,0,0,0,0,0,0,0,0,0,0,0,0,0,0,0,0,0,0,0,0,0,0,0,0,0,0,0,0,0,0,0,0,0,0,0,0,0,0,0,0,0,500,0,500,0,500,0,0,0,0,0,0,0,800,0,800,0,800,0,400,0,400,0,400,0,600,0,600,0,600,0,0,0,0,0,0,0,0,0,0,0,0,0,921,0,921,0,921,0,42023,0,42023,0,42023,0,38280,0,38280,0,38280,0,69692,0,69692,0,69692,0,42456.5800477813,0,42459,0,42459,0,44228.4875170181,0,44235,0,44235,0,152799.553700071,0,120199.365112327,0,183870.303432087,0,64747.4549756411,0,52945.4035042898,0,76183.6853658507,0,40140.1366988372,0,34000.5501998564,0,46205.4626363291,0,33294.8615185719,0,28701.7836964578,0,37903.8882823072,0,31399.0003464314,0,27225.6561214495,0,35606.5901462688,0,30876.8447076961,0,26822.2683668909,0,34973.286727017,0,30734.5847261557,0,26709.006758106,0,34796.8723004203,0,30696.9943067127,0,26677.4204333578,0,34747.3233312632,0,30688.0988354116,0,26668.7633646054,0,34760.2541478989,0,30686.9895873508,0,26666.3954210011,0,34756.8261192756,0,30687.9304388705,0,26665.7488560893,0,34755.7644804025,0,30689.3545155787,0,26665.5725802467,0,34755.4750675638,0,30690.8377259736,0,26665.524584769,0,34755.3962737749,0,30692.268402669,0,26665.5115317928,0,34755.3748461878,0,30693.6199862462,0,26665.5079854198,0,34755.3690248245,0,30694.8889244396,0,26665.5070227457,0,34755.3674446686,0,30696.0777440176,0,26665.5067616256,0,34755.3670160762,0,30697.1904509408,0,26665.5066908461,0,34758.3846348625,0,30698.2312888401,0,26665.5066716721,0,34772.952179184,0,30699.204410164,0,26665.5066664807,0,34772.9521713914,0,30700.1137943107,0,26665.5066650758,0,34772.9521692822,0,30700.9632319444,0,26665.5066646957,0,34772.9521687116,0,30701.7563265865,0,26665.506664593,0,34772.9521685573,0,30702.4965003746,0,26665.5066645652,0,34772.9521685155,0,30703.1870005735,0,26665.5066645577,0,34772.9521685043,0,30703.8309060167,0,26665.5066645556,0,34772.9521685012,0,30704.4311333357,0,26665.5066645551,0,34772.9521685004,0,30704.9904429996,0,26665.506664555,0,34772.9521685002,0,30705.5114452112,0,26665.5066645549,0,34772.9521685001,0,30705.9966057004,0,26665.5066645549,0,34772.9521685001,0,30706.4482514438,0,26665.5066645549,0,34772.9521685001,0,30706.8685763243,0,26665.5066645549,0,34772.9521685001,0,30707.2596467388,0,26665.5066645549,0,34772.9521685001,0,30707.6234071499,0,26665.5066645549,0,34772.9521685001,0,30707.9616855762,0,26665.5066645549,0,34772.9521685001,0,30708.2761990101,0,26665.5066645549,0,34772.9521685001,0,30708.5685587507,0,26665.5066645549,0,34772.9521685001,0,30708.8402756369,0,26665.5066645549,0,34772.9521685001,0,30709.0927651693,0,26665.5066645549,0,34772.9521685001,0,30709.3273525052,0,26665.5066645549,0,34772.9521685001,0,30709.5452773166,0,26665.5066645549,0,34772.9521685001,0,30709.7476984992,0,26665.5066645549,0,34772.9521685001,0,30709.9356987245,0,26665.5066645549,0,34772.9521685001,0,30710.110288827,0,26665.5066645549,0,34772.9521685001,0,30710.2724120209,0,26665.5066645549,0,34772.9521685001,0,30710.4229479424,0,26665.5066645549,0,34772.9521685001,0,30710.5627165157,0,26665.5066645549,0,34772.9521685001,0,30710.6924816414,0,26665.5066645549,0,34772.9521685001,0,30710.8129547073,0,26665.5066645549,0,34772.9521685001,0,30710.9247979245,0,26665.5066645549,0,34772.9521685001,0,30711.0286274905,0,26665.5066645549,0,34772.9521685001,0,30711.1250165826,0,26665.5066645549,0,34772.9521685001,0,30711.2144981868,0,26665.5066645549,0,34772.9521685001,0,30711.2975677668,0,26665.5066645549,0,34772.9521685001,0,30711.3746857781,0,26665.5066645549,0,34772.9521685001,0,30711.4462800331,0,26665.5066645549,0,34772.9521685001,0,30711.5127479235,0,26665.5066645549,0,34772.9521685001,0,30711.574458506,0,26665.5066645549,0,34772.9521685001,0,30711.6317544574,0,26665.5066645549,0,34772.9521685001,0,30711.6849539056,0,26665.5066645549,0,34772.9521685001,0,30711.7343521432,0,26665.5066645549,0,34772.9521685001,0,30711.7802232284,0,26665.5066645549,0,34772.9521685001,0,30711.8228214816,0,26665.5066645549,0,34772.9521685001,0,30711.8623828814,0,26665.5066645549,0,34772.9521685001,0,30711.8991263672,0,26665.5066645549,0,34772.9521685001,0,30711.9332550532,0,26665.5066645549,0,34772.9521685001,0,30711.9649573594,0,26665.5066645549,0,34772.9521685001,0,30711.994408065,0,26665.5066645549,0,34772.9521685001,0,30712.021769288,0,26665.5066645549,0,34772.9521685001,0,30712.0471913977,0,26665.5066645549,0,34772.9521685001,0,30712.0708138621,0,26665.5066645549,0,34772.9521685001,0,30712.0927660357,0,26665.5066645549,0,34772.9521685001,0,30712.1131678923,0,26665.5066645549,0,34772.9521685001,0,30712.1321307047,0,26665.5066645549,0,34772.9521685001,0,30712.1497576765,0,26665.5066645549,0,34772.9521685001,0,30712.1661445286,0,26665.5066645549,0,34772.9521685001,0,30712.181380043,0,26665.5066645549,0,34772.9521685001,0
"37",0,0,0,0,0,0,0,0,0,0,0,0,0,0,0,0,0,0,0,0,0,0,0,0,0,0,0,0,0,0,0,0,0,0,0,0,0,0,0,0,0,0,0,0,0,0,0,0,0,0,0,0,0,0,0,0,0,0,0,0,0,0,0,0,0,0,0,0,0,0,0,0,0,0,0,0,0,0,0,0,0,0,0,0,0,0,0,0,0,0,0,0,0,0,0,0,0,0,0,0,0,0,0,0,0,0,0,0,0,0,0,0,0,0,0,0,0,0,0,0,0,0,0,0,0,0,0,0,0,0,0,0,0,0,0,0,0,0,0,0,0,0,0,0,0,0,0,0,0,0,0,0,0,0,0,0,0,0,0,0,0,0,0,0,0,0,0,0,0,0,0,0,0,0,0,0,0,0,0,0,0,0,0,0,0,0,0,0,0,0,0,0,0,0,0,0,0,0,0,0,0,0,0,0,0,0,0,0,0,0,0,0,0,0,0,0,0,0,0,0,0,0,0,0,0,0,0,0,0,0,0,0,0,0,0,0,0,0,0,0,0,0,0,0,0,0,0,0,0,0,0,0,0,0,0,0,0,0,0,0,0,0,0,0,0,0,0,0,0,0,0,0,0,0,0,0,0,0,0,0,0,0,0,0,0,0,0,0,0,0,0,0,0,0,0,0,0,0,0,0,500,0,500,0,500,0,0,0,0,0,0,0,800,0,800,0,800,0,400,0,400,0,400,0,600,0,600,0,600,0,0,0,0,0,0,0,0,0,0,0,0,0,921,0,921,0,921,0,42023,0,42023,0,42023,0,38280,0,38280,0,38280,0,69692,0,69692,0,69692,0,42456.5800477813,0,42459,0,42459,0,44228.4875170181,0,44235,0,44235,0,157165.255234358,0,123633.632686965,0,189123.740673004,0,63643.778297965,0,52100.6737899668,0,74813.6596545871,0,39248.4251611074,0,33356.5008588102,0,45098.7066429317,0,32914.2795247658,0,28405.9889539956,0,37429.4528971504,0,31277.1252282963,0,27139.7424430625,0,35456.4048213274,0,30856.6332200544,0,26808.6834857333,0,34946.1814256615,0,30750.1415894561,0,26723.7454145358,0,34812.3552221726,0,30724.3684250468,0,26701.5455513292,0,34777.58150382,0,30719.220048727,0,26695.8664488111,0,34795.3781966264,0,30719.2641704724,0,26694.4165590258,0,34793.2138417582,0,30720.5513886972,0,26694.0470473934,0,34792.6081895856,0,30722.0766623339,0,26693.9530189932,0,34792.4540875077,0,30723.5879713392,0,26693.9291235512,0,34792.4149290174,0,30725.025313342,0,26693.9230579855,0,34792.4049898582,0,30726.3774020285,0,26693.9215198594,0,34792.4024696129,0,30727.6451425273,0,26693.9211301585,0,34792.4018311155,0,30728.8323472356,0,26693.9210314995,0,34792.4016694771,0,30729.9433877444,0,26693.9210065394,0,34796.6485609232,0,30730.9826089611,0,26693.9210002285,0,34810.0056683199,0,30731.9541893214,0,26693.9209986337,0,34810.0056659288,0,30732.8621129877,0,26693.9209982309,0,34810.0056653248,0,30733.710169504,0,26693.9209981292,0,34810.0056651723,0,30734.5019597006,0,26693.9209981035,0,34810.0056651338,0,30735.2409026506,0,26693.920998097,0,34810.0056651241,0,30735.9302425062,0,26693.9209980954,0,34810.0056651216,0,30736.5730550233,0,26693.920998095,0,34810.005665121,0,30737.1722538115,0,26693.9209980949,0,34810.0056651208,0,30737.7305963777,0,26693.9209980948,0,34810.0056651208,0,30738.2506900237,0,26693.9209980948,0,34810.0056651208,0,30738.7349976423,0,26693.9209980948,0,34810.0056651208,0,30739.1858434391,0,26693.9209980948,0,34810.0056651208,0,30739.6054185967,0,26693.9209980948,0,34810.0056651208,0,30739.995786885,0,26693.9209980948,0,34810.0056651208,0,30740.358890218,0,26693.9209980948,0,34810.0056651208,0,30740.6965541468,0,26693.9209980948,0,34810.0056651208,0,30741.0104932813,0,26693.9209980948,0,34810.0056651208,0,30741.3023166251,0,26693.9209980948,0,34810.0056651208,0,30741.5735328111,0,26693.9209980948,0,34810.0056651208,0,30741.8255552248,0,26693.9209980948,0,34810.0056651208,0,30742.059707,0,26693.9209980948,0,34810.0056651208,0,30742.2772258767,0,26693.9209980948,0,34810.0056651208,0,30742.4792689105,0,26693.9209980948,0,34810.0056651208,0,30742.6669170232,0,26693.9209980948,0,34810.0056651208,0,30742.8411793888,0,26693.9209980948,0,34810.0056651208,0,30743.0029976482,0,26693.9209980948,0,34810.0056651208,0,30743.15324995,0,26693.9209980948,0,34810.0056651208,0,30743.2927548134,0,26693.9209980948,0,34810.0056651208,0,30743.4222748142,0,26693.9209980948,0,34810.0056651208,0,30743.5425200927,0,26693.9209980948,0,34810.0056651208,0,30743.6541516871,0,26693.9209980948,0,34810.0056651208,0,30743.7577846927,0,26693.9209980948,0,34810.0056651208,0,30743.8539912531,0,26693.9209980948,0,34810.0056651208,0,30743.9433033852,0,26693.9209980948,0,34810.0056651208,0,30744.0262156456,0,26693.9209980948,0,34810.0056651208,0,30744.1031876407,0,26693.9209980948,0,34810.0056651208,0,30744.1746463898,0,26693.9209980948,0,34810.0056651208,0,30744.2409885434,0,26693.9209980948,0,34810.0056651208,0,30744.3025824666,0,26693.9209980948,0,34810.0056651208,0,30744.3597701913,0,26693.9209980948,0,34810.0056651208,0,30744.4128692441,0,26693.9209980948,0,34810.0056651208,0,30744.4621743574,0,26693.9209980948,0,34810.0056651208,0,30744.5079590681,0,26693.9209980948,0,34810.0056651208,0,30744.5504772111,0,26693.9209980948,0,34810.0056651208,0,30744.5899643136,0,26693.9209980948,0,34810.0056651208,0,30744.6266388952,0,26693.9209980948,0,34810.0056651208,0,30744.66070368,0,26693.9209980948,0,34810.0056651208,0,30744.6923467254,0,26693.9209980948,0,34810.0056651208,0,30744.7217424738,0,26693.9209980948,0,34810.0056651208,0,30744.7490527308,0,26693.9209980948,0,34810.0056651208,0,30744.7744275752,0,26693.9209980948,0,34810.0056651208,0,30744.7980062055,0,26693.9209980948,0,34810.0056651208,0,30744.8199177265,0,26693.9209980948,0,34810.0056651208,0,30744.8402818798,0,26693.9209980948,0,34810.0056651208,0,30744.8592097233,0,26693.9209980948,0,34810.0056651208,0,30744.8768042609,0,26693.9209980948,0,34810.0056651208,0,30744.8931610285,0,26693.9209980948,0,34810.0056651208,0,30744.9083686367,0,26693.9209980948,0,34810.0056651208,0
"38",0,0,0,0,0,0,0,0,0,0,0,0,0,0,0,0,0,0,0,0,0,0,0,0,0,0,0,0,0,0,0,0,0,0,0,0,0,0,0,0,0,0,0,0,0,0,0,0,0,0,0,0,0,0,0,0,0,0,0,0,0,0,0,0,0,0,0,0,0,0,0,0,0,0,0,0,0,0,0,0,0,0,0,0,0,0,0,0,0,0,0,0,0,0,0,0,0,0,0,0,0,0,0,0,0,0,0,0,0,0,0,0,0,0,0,0,0,0,0,0,0,0,0,0,0,0,0,0,0,0,0,0,0,0,0,0,0,0,0,0,0,0,0,0,0,0,0,0,0,0,0,0,0,0,0,0,0,0,0,0,0,0,0,0,0,0,0,0,0,0,0,0,0,0,0,0,0,0,0,0,0,0,0,0,0,0,0,0,0,0,0,0,0,0,0,0,0,0,0,0,0,0,0,0,0,0,0,0,0,0,0,0,0,0,0,0,0,0,0,0,0,0,0,0,0,0,0,0,0,0,0,0,0,0,0,0,0,0,0,0,0,0,0,0,0,0,0,0,0,0,0,0,0,0,0,0,0,0,0,0,0,0,0,0,0,0,0,0,0,0,0,0,0,0,0,0,0,0,0,0,0,0,0,0,0,0,0,0,0,0,0,0,0,0,0,0,0,0,0,0,500,0,500,0,500,0,0,0,0,0,0,0,800,0,800,0,800,0,400,0,400,0,400,0,600,0,600,0,600,0,0,0,0,0,0,0,0,0,0,0,0,0,921,0,921,0,921,0,42023,0,42023,0,42023,0,38280,0,38280,0,38280,0,69692,0,69692,0,69692,0,42456.5800477813,0,42459,0,42459,0,44228.4875170181,0,44235,0,44235,0,161530.956768646,0,127067.900261603,0,194377.177913921,0,62376.0125112504,0,51161.8802600916,0,73225.2155563423,0,38356.8769823436,0,32663.9301977607,0,43994.3062865787,0,32565.7097585202,0,28140.8745414009,0,36999.6074901116,0,31176.0575134773,0,27064.0633157697,0,35342.239800722,0,30845.0255005786,0,26802.0997039403,0,34929.7330652024,0,30767.656849574,0,26739.8342211041,0,34830.6188632594,0,30750.8086706218,0,26724.7307915488,0,34806.9942621178,0,30748.2884174454,0,26721.1428955499,0,34828.2533166715,0,30749.0839123138,0,26720.2922917456,0,34826.8612468371,0,30750.5803236716,0,26720.0909886997,0,34826.5318468883,0,30752.1617494858,0,26720.04342132,0,34826.4540197488,0,30753.6868176119,0,26720.0321961856,0,34826.4356556375,0,30755.1263931126,0,26720.0295502901,0,34826.4313273685,0,30756.4776713421,0,26720.0289272485,0,34826.4303082437,0,30757.7438579343,0,26720.0287806669,0,34826.4300684912,0,30758.9293808693,0,26720.0287462077,0,34826.4300121316,0,30760.0387729378,0,26720.0287381123,0,34831.8343370107,0,30761.0764188981,0,26720.0287362116,0,34844.0512635484,0,30762.0465049739,0,26720.0287357656,0,34844.0512628805,0,30762.9530147831,0,26720.028735661,0,34844.0512627238,0,30763.7997352421,0,26720.0287356365,0,34844.0512626871,0,30764.5902640919,0,26720.0287356307,0,34844.0512626784,0,30765.3280172647,0,26720.0287356294,0,34844.0512626764,0,30766.0162358163,0,26720.0287356291,0,34844.051262676,0,30766.6579924694,0,26720.028735629,0,34844.0512626759,0,30767.256197865,0,26720.028735629,0,34844.0512626758,0,30767.8136066052,0,26720.028735629,0,34844.0512626758,0,30768.3328231508,0,26720.028735629,0,34844.0512626758,0,30768.816307619,0,26720.028735629,0,34844.0512626758,0,30769.2663815082,0,26720.028735629,0,34844.0512626758,0,30769.6852333647,0,26720.028735629,0,34844.0512626758,0,30770.0749243976,0,26720.028735629,0,34844.0512626758,0,30770.4373940378,0,26720.028735629,0,34844.0512626758,0,30770.7744654354,0,26720.028735629,0,34844.0512626758,0,30771.0878508833,0,26720.028735629,0,34844.0512626758,0,30771.3791571551,0,26720.028735629,0,34844.0512626758,0,30771.6498907422,0,26720.028735629,0,34844.0512626758,0,30771.9014629781,0,26720.028735629,0,34844.0512626758,0,30772.1351950346,0,26720.028735629,0,34844.0512626758,0,30772.3523227805,0,26720.028735629,0,34844.0512626758,0,30772.5540014892,0,26720.028735629,0,34844.0512626758,0,30772.7413103891,0,26720.028735629,0,34844.0512626758,0,30772.915257048,0,26720.028735629,0,34844.0512626758,0,30773.0767815859,0,26720.028735629,0,34844.0512626758,0,30773.2267607133,0,26720.028735629,0,34844.0512626758,0,30773.3660115921,0,26720.028735629,0,34844.0512626758,0,30773.4952955187,0,26720.028735629,0,34844.0512626758,0,30773.6153214292,0,26720.028735629,0,34844.0512626758,0,30773.7267492293,0,26720.028735629,0,34844.0512626758,0,30773.8301929513,0,26720.028735629,0,34844.0512626758,0,30773.9262237413,0,26720.028735629,0,34844.0512626758,0,30774.015372682,0,26720.028735629,0,34844.0512626758,0,30774.0981334548,0,26720.028735629,0,34844.0512626758,0,30774.1749648481,0,26720.028735629,0,34844.0512626758,0,30774.2462931163,0,26720.028735629,0,34844.0512626758,0,30774.312514196,0,26720.028735629,0,34844.0512626758,0,30774.3739957859,0,26720.028735629,0,34844.0512626758,0,30774.4310792963,0,26720.028735629,0,34844.0512626758,0,30774.4840816748,0,26720.028735629,0,34844.0512626758,0,30774.5332971143,0,26720.028735629,0,34844.0512626758,0,30774.5789986492,0,26720.028735629,0,34844.0512626758,0,30774.6214396474,0,26720.028735629,0,34844.0512626758,0,30774.6608552012,0,26720.028735629,0,34844.0512626758,0,30774.6974634262,0,26720.028735629,0,34844.0512626758,0,30774.7314666705,0,26720.028735629,0,34844.0512626758,0,30774.7630526429,0,26720.028735629,0,34844.0512626758,0,30774.7923954614,0,26720.028735629,0,34844.0512626758,0,30774.8196566306,0,26720.028735629,0,34844.0512626758,0,30774.8449859499,0,26720.028735629,0,34844.0512626758,0,30774.8685223586,0,26720.028735629,0,34844.0512626758,0,30774.8903947207,0,26720.028735629,0,34844.0512626758,0,30774.9107225547,0,26720.028735629,0,34844.0512626758,0,30774.9296167113,0,26720.028735629,0,34844.0512626758,0,30774.9471800025,0,26720.028735629,0,34844.0512626758,0,30774.963507786,0,26720.028735629,0,34844.0512626758,0,30774.9786885074,0,26720.028735629,0,34844.0512626758,0
"39",0,0,0,0,0,0,0,0,0,0,0,0,0,0,0,0,0,0,0,0,0,0,0,0,0,0,0,0,0,0,0,0,0,0,0,0,0,0,0,0,0,0,0,0,0,0,0,0,0,0,0,0,0,0,0,0,0,0,0,0,0,0,0,0,0,0,0,0,0,0,0,0,0,0,0,0,0,0,0,0,0,0,0,0,0,0,0,0,0,0,0,0,0,0,0,0,0,0,0,0,0,0,0,0,0,0,0,0,0,0,0,0,0,0,0,0,0,0,0,0,0,0,0,0,0,0,0,0,0,0,0,0,0,0,0,0,0,0,0,0,0,0,0,0,0,0,0,0,0,0,0,0,0,0,0,0,0,0,0,0,0,0,0,0,0,0,0,0,0,0,0,0,0,0,0,0,0,0,0,0,0,0,0,0,0,0,0,0,0,0,0,0,0,0,0,0,0,0,0,0,0,0,0,0,0,0,0,0,0,0,0,0,0,0,0,0,0,0,0,0,0,0,0,0,0,0,0,0,0,0,0,0,0,0,0,0,0,0,0,0,0,0,0,0,0,0,0,0,0,0,0,0,0,0,0,0,0,0,0,0,0,0,0,0,0,0,0,0,0,0,0,0,0,0,0,0,0,0,0,0,0,0,0,0,0,0,0,0,0,0,0,0,0,0,0,0,0,0,0,0,500,0,500,0,500,0,0,0,0,0,0,0,800,0,800,0,800,0,400,0,400,0,400,0,600,0,600,0,600,0,0,0,0,0,0,0,0,0,0,0,0,0,921,0,921,0,921,0,42023,0,42023,0,42023,0,38280,0,38280,0,38280,0,69692,0,69692,0,69692,0,42456.5800477813,0,42459,0,42459,0,44228.4875170181,0,44235,0,44235,0,165896.658302934,0,130502.167836241,0,199630.615154837,0,60944.1576154972,0,50094.5849015237,0,71440.4749676577,0,37474.6881672649,0,32000.8568455872,0,42952.2789279775,0,32251.2501896015,0,27895.9134998717,0,36606.4011744451,0,31094.5493510852,0,27002.4523225211,0,35236.5958945212,0,30840.6504409404,0,26801.3919321552,0,34921.0737946872,0,30786.403585737,0,26756.720025564,0,34850.7161444435,0,30776.0945884712,0,26746.8211525252,0,34835.2539514908,0,30775.3530400203,0,26744.650420234,0,34858.7224012696,0,30776.618108314,0,26744.175361314,0,34857.9461389312,0,30778.2347515164,0,26744.0715793023,0,34857.7765816121,0,30779.8452830361,0,26744.0489416848,0,34857.73960147,0,30781.3761465957,0,26744.0440103869,0,34857.7315467389,0,30782.8156930402,0,26744.0429374127,0,34857.7297943186,0,30784.1655594352,0,26744.0427041854,0,34857.7294134338,0,30785.430064149,0,26744.0426535345,0,34857.7293307212,0,30786.6139088556,0,26744.042642543,0,34857.7293127732,0,30787.7216908483,0,26744.0426401594,0,34864.2251757898,0,30788.7578078094,0,26744.0426396429,0,34875.3664125017,0,30789.7264463737,0,26744.0426395309,0,34875.3664123343,0,30790.631587646,0,26744.0426395067,0,34875.3664122981,0,30791.4770154236,0,26744.0426395015,0,34875.3664122902,0,30792.266324267,0,26744.0426395004,0,34875.3664122885,0,30793.0029269839,0,26744.0426395001,0,34875.3664122882,0,30793.6900615785,0,26744.0426395001,0,34875.3664122881,0,30794.3307977944,0,26744.0426395,0,34875.3664122881,0,30794.9280433611,0,26744.0426395,0,34875.3664122881,0,30795.4845500349,0,26744.0426395,0,34875.3664122881,0,30796.0029194964,0,26744.0426395,0,34875.3664122881,0,30796.4856091496,0,26744.0426395,0,34875.3664122881,0,30796.9349378487,0,26744.0426395,0,34875.3664122881,0,30797.3530915682,0,26744.0426395,0,34875.3664122881,0,30797.7421290209,0,26744.0426395,0,34875.3664122881,0,30798.1039872196,0,26744.0426395,0,34875.3664122881,0,30798.4404869783,0,26744.0426395,0,34875.3664122881,0,30798.7533383373,0,26744.0426395,0,34875.3664122881,0,30799.0441459036,0,26744.0426395,0,34875.3664122881,0,30799.3144140898,0,26744.0426395,0,34875.3664122881,0,30799.5655522384,0,26744.0426395,0,34875.3664122881,0,30799.7988796194,0,26744.0426395,0,34875.3664122881,0,30800.0156302877,0,26744.0426395,0,34875.3664122881,0,30800.2169577911,0,26744.0426395,0,34875.3664122881,0,30800.4039397188,0,26744.0426395,0,34875.3664122881,0,30800.5775820844,0,26744.0426395,0,34875.3664122881,0,30800.7388235367,0,26744.0426395,0,34875.3664122881,0,30800.888539396,0,26744.0426395,0,34875.3664122881,0,30801.0275455126,0,26744.0426395,0,34875.3664122881,0,30801.1566019466,0,26744.0426395,0,34875.3664122881,0,30801.276416471,0,26744.0426395,0,34875.3664122881,0,30801.3876478982,0,26744.0426395,0,34875.3664122881,0,30801.4909092343,0,26744.0426395,0,34875.3664122881,0,30801.5867706627,0,26744.0426395,0,34875.3664122881,0,30801.6757623644,0,26744.0426395,0,34875.3664122881,0,30801.7583771771,0,26744.0426395,0,34875.3664122881,0,30801.8350730998,0,26744.0426395,0,34875.3664122881,0,30801.9062756495,0,26744.0426395,0,34875.3664122881,0,30801.9723800743,0,26744.0426395,0,34875.3664122881,0,30802.0337534303,0,26744.0426395,0,34875.3664122881,0,30802.090736529,0,26744.0426395,0,34875.3664122881,0,30802.1436457597,0,26744.0426395,0,34875.3664122881,0,30802.1927747953,0,26744.0426395,0,34875.3664122881,0,30802.2383961864,0,26744.0426395,0,34875.3664122881,0,30802.2807628503,0,26744.0426395,0,34875.3664122881,0,30802.3201094607,0,26744.0426395,0,34875.3664122881,0,30802.3566537436,0,26744.0426395,0,34875.3664122881,0,30802.3905976855,0,26744.0426395,0,34875.3664122881,0,30802.4221286587,0,26744.0426395,0,34875.3664122881,0,30802.451420469,0,26744.0426395,0,34875.3664122881,0,30802.4786343313,0,26744.0426395,0,34875.3664122881,0,30802.5039197757,0,26744.0426395,0,34875.3664122881,0,30802.5274154916,0,26744.0426395,0,34875.3664122881,0,30802.5492501114,0,26744.0426395,0,34875.3664122881,0,30802.5695429386,0,26744.0426395,0,34875.3664122881,0,30802.5884046243,0,26744.0426395,0,34875.3664122881,0,30802.6059377958,0,26744.0426395,0,34875.3664122881,0,30802.6222376392,0,26744.0426395,0,34875.3664122881,0,30802.637392441,0,26744.0426395,0,34875.3664122881,0
"40",0,0,0,0,0,0,0,0,0,0,0,0,0,0,0,0,0,0,0,0,0,0,0,0,0,0,0,0,0,0,0,0,0,0,0,0,0,0,0,0,0,0,0,0,0,0,0,0,0,0,0,0,0,0,0,0,0,0,0,0,0,0,0,0,0,0,0,0,0,0,0,0,0,0,0,0,0,0,0,0,0,0,0,0,0,0,0,0,0,0,0,0,0,0,0,0,0,0,0,0,0,0,0,0,0,0,0,0,0,0,0,0,0,0,0,0,0,0,0,0,0,0,0,0,0,0,0,0,0,0,0,0,0,0,0,0,0,0,0,0,0,0,0,0,0,0,0,0,0,0,0,0,0,0,0,0,0,0,0,0,0,0,0,0,0,0,0,0,0,0,0,0,0,0,0,0,0,0,0,0,0,0,0,0,0,0,0,0,0,0,0,0,0,0,0,0,0,0,0,0,0,0,0,0,0,0,0,0,0,0,0,0,0,0,0,0,0,0,0,0,0,0,0,0,0,0,0,0,0,0,0,0,0,0,0,0,0,0,0,0,0,0,0,0,0,0,0,0,0,0,0,0,0,0,0,0,0,0,0,0,0,0,0,0,0,0,0,0,0,0,0,0,0,0,0,0,0,0,0,0,0,0,0,0,0,0,0,0,0,0,0,0,0,0,0,0,0,0,0,0,500,0,500,0,500,0,0,0,0,0,0,0,800,0,800,0,800,0,400,0,400,0,400,0,600,0,600,0,600,0,0,0,0,0,0,0,0,0,0,0,0,0,921,0,921,0,921,0,42023,0,42023,0,42023,0,38280,0,38280,0,38280,0,69692,0,69692,0,69692,0,42456.5800477813,0,42459,0,42459,0,44228.4875170181,0,44235,0,44235,0,170262.359837221,0,133936.435410879,0,204884.052395754,0,59348.2136107054,0,48901.303576832,0,69505.0462997726,0,36611.0547205905,0,31313.0954510027,0,41888.589482741,0,31972.3148927743,0,27683.6294786073,0,36268.5685806203,0,31031.0546906415,0,26957.0328185021,0,35153.9073855055,0,30842.163792519,0,26804.756282248,0,34919.9401988394,0,30805.7567155502,0,26773.926128519,0,34871.8342275573,0,30800.0755797961,0,26767.7141597691,0,34862.1448724569,0,30800.4894576523,0,26766.4654012301,0,34887.0575550806,0,30802.0341346209,0,26766.2148791442,0,34886.6487902752,0,30803.7158309548,0,26766.1647090473,0,34886.5669437673,0,30805.3400298467,0,26766.1546773098,0,34886.5505805065,0,30806.8725180339,0,26766.1526740936,0,34886.5473133557,0,30808.3109643884,0,26766.1522745394,0,34886.5466617685,0,30809.6591796173,0,26766.1521949263,0,34886.546531948,0,30810.9219807697,0,26766.152179077,0,34886.5465061053,0,30812.1041803346,0,26766.1521759242,0,34886.546500965,0,30813.2103976539,0,26766.1521752974,0,34894.0733114513,0,30814.2450324576,0,26766.1521751729,0,34904.1981849691,0,30815.2122690741,0,26766.1521751482,0,34904.1981849322,0,30816.1160854563,0,26766.1521751433,0,34904.1981849248,0,30816.9602621675,0,26766.1521751423,0,34904.1981849233,0,30817.7483906023,0,26766.1521751421,0,34904.1981849231,0,30818.4838804899,0,26766.1521751421,0,34904.198184923,0,30819.1699668379,0,26766.1521751421,0,34904.198184923,0,30819.8097164677,0,26766.1521751421,0,34904.198184923,0,30820.406034256,0,26766.1521751421,0,34904.198184923,0,30820.961669173,0,26766.1521751421,0,34904.198184923,0,30821.4792201803,0,26766.1521751421,0,34904.198184923,0,30821.9611420305,0,26766.1521751421,0,34904.198184923,0,30822.4097509967,0,26766.1521751421,0,34904.198184923,0,30822.8272305451,0,26766.1521751421,0,34904.198184923,0,30823.2156369556,0,26766.1521751421,0,34904.198184923,0,30823.5769048871,0,26766.1521751421,0,34904.198184923,0,30823.9128528801,0,26766.1521751421,0,34904.198184923,0,30824.2251887854,0,26766.1521751421,0,34904.198184923,0,30824.5155151053,0,26766.1521751421,0,34904.198184923,0,30824.7853342338,0,26766.1521751421,0,34904.198184923,0,30825.036053582,0,26766.1521751421,0,34904.198184923,0,30825.2689905753,0,26766.1521751421,0,34904.198184923,0,30825.485377511,0,26766.1521751421,0,34904.198184923,0,30825.686366265,0,26766.1521751421,0,34904.198184923,0,30825.8730328394,0,26766.1521751421,0,34904.198184923,0,30826.0463817432,0,26766.1521751421,0,34904.198184923,0,30826.2073502024,0,26766.1521751421,0,34904.198184923,0,30826.3568121925,0,26766.1521751421,0,34904.198184923,0,30826.4955822955,0,26766.1521751421,0,34904.198184923,0,30826.624419377,0,26766.1521751421,0,34904.198184923,0,30826.7440300858,0,26766.1521751421,0,34904.198184923,0,30826.8550721785,0,26766.1521751421,0,34904.198184923,0,30826.9581576696,0,26766.1521751421,0,34904.198184923,0,30827.0538558135,0,26766.1521751421,0,34904.198184923,0,30827.1426959207,0,26766.1521751421,0,34904.198184923,0,30827.2251700141,0,26766.1521751421,0,34904.198184923,0,30827.3017353314,0,26766.1521751421,0,34904.198184923,0,30827.3728166779,0,26766.1521751421,0,34904.198184923,0,30827.4388086374,0,26766.1521751421,0,34904.198184923,0,30827.5000776466,0,26766.1521751421,0,34904.198184923,0,30827.5569639389,0,26766.1521751421,0,34904.198184923,0,30827.6097833653,0,26766.1521751421,0,34904.198184923,0,30827.6588290975,0,26766.1521751421,0,34904.198184923,0,30827.7043732193,0,26766.1521751421,0,34904.198184923,0,30827.746668214,0,26766.1521751421,0,34904.198184923,0,30827.7859483514,0,26766.1521751421,0,34904.198184923,0,30827.8224309821,0,26766.1521751421,0,34904.198184923,0,30827.8563177438,0,26766.1521751421,0,34904.198184923,0,30827.8877956847,0,26766.1521751421,0,34904.198184923,0,30827.9170383097,0,26766.1521751421,0,34904.198184923,0,30827.9442065541,0,26766.1521751421,0,34904.198184923,0,30827.9694496888,0,26766.1521751421,0,34904.198184923,0,30827.9929061624,0,26766.1521751421,0,34904.198184923,0,30828.0147043838,0,26766.1521751421,0,34904.198184923,0,30828.0349634494,0,26766.1521751421,0,34904.198184923,0,30828.0537938183,0,26766.1521751421,0,34904.198184923,0,30828.0712979392,0,26766.1521751421,0,34904.198184923,0,30828.0875708332,0,26766.1521751421,0,34904.198184923,0,30828.1027006334,0,26766.1521751421,0,34904.198184923,0
"41",0,0,0,0,0,0,0,0,0,0,0,0,0,0,0,0,0,0,0,0,0,0,0,0,0,0,0,0,0,0,0,0,0,0,0,0,0,0,0,0,0,0,0,0,0,0,0,0,0,0,0,0,0,0,0,0,0,0,0,0,0,0,0,0,0,0,0,0,0,0,0,0,0,0,0,0,0,0,0,0,0,0,0,0,0,0,0,0,0,0,0,0,0,0,0,0,0,0,0,0,0,0,0,0,0,0,0,0,0,0,0,0,0,0,0,0,0,0,0,0,0,0,0,0,0,0,0,0,0,0,0,0,0,0,0,0,0,0,0,0,0,0,0,0,0,0,0,0,0,0,0,0,0,0,0,0,0,0,0,0,0,0,0,0,0,0,0,0,0,0,0,0,0,0,0,0,0,0,0,0,0,0,0,0,0,0,0,0,0,0,0,0,0,0,0,0,0,0,0,0,0,0,0,0,0,0,0,0,0,0,0,0,0,0,0,0,0,0,0,0,0,0,0,0,0,0,0,0,0,0,0,0,0,0,0,0,0,0,0,0,0,0,0,0,0,0,0,0,0,0,0,0,0,0,0,0,0,0,0,0,0,0,0,0,0,0,0,0,0,0,0,0,0,0,0,0,0,0,0,0,0,0,0,0,0,0,0,0,0,0,0,0,0,0,0,0,0,0,0,0,500,0,500,0,500,0,0,0,0,0,0,0,800,0,800,0,800,0,400,0,400,0,400,0,600,0,600,0,600,0,0,0,0,0,0,0,0,0,0,0,0,0,921,0,921,0,921,0,42023,0,42023,0,42023,0,38280,0,38280,0,38280,0,69692,0,69692,0,69692,0,42456.5800477813,0,42459,0,42459,0,44228.4875170181,0,44235,0,44235,0,174628.061371509,0,137370.702985517,0,210137.489636671,0,57588.180496875,0,47537.7995621152,0,67326.8686017149,0,35775.1726470397,0,30661.6577546119,0,40869.9530784394,0,31729.6340478008,0,27496.8628828404,0,35993.0527012841,0,30983.792603049,0,26919.485542239,0,35093.60814448,0,30848.2876474518,0,26811.2735825917,0,34924.8066375456,0,30825.198219122,0,26791.0573859955,0,34893.299554877,0,30822.6629590224,0,26787.354169102,0,34887.5323990161,0,30823.792214841,0,26786.6773822186,0,34913.3478922366,0,30825.4940543272,0,26786.5539465044,0,34913.1467651626,0,30827.2082945374,0,26786.5314736003,0,34913.1101541866,0,30828.8378543303,0,26786.5273884482,0,34913.1035000119,0,30830.3699336159,0,26786.5266468368,0,34913.1022921815,0,30831.8068249283,0,26786.5265123625,0,34913.1020731931,0,30833.1533209968,0,26786.5264880033,0,34913.1020335285,0,30834.414442338,0,26786.5264835947,0,34913.1020263505,0,30835.5950405737,0,26786.5264827974,0,34913.1020250525,0,30836.6997400092,0,26786.5264826533,0,34921.6039474976,0,30837.7329384465,0,26786.5264826273,0,34930.7671464129,0,30838.6988170322,0,26786.5264826226,0,34930.7671464059,0,30839.6013504137,0,26786.5264826218,0,34930.7671464046,0,30840.4443159314,0,26786.5264826216,0,34930.7671464044,0,30841.2313018622,0,26786.5264826216,0,34930.7671464044,0,30841.9657149123,0,26786.5264826216,0,34930.7671464044,0,30842.6507871503,0,26786.5264826216,0,34930.7671464044,0,30843.2895825336,0,26786.5264826216,0,34930.7671464044,0,30843.8850031451,0,26786.5264826216,0,34930.7671464044,0,30844.4397952292,0,26786.5264826216,0,34930.7671464044,0,30844.9565550892,0,26786.5264826216,0,34930.7671464044,0,30845.437734888,0,26786.5264826216,0,34930.7671464044,0,30845.8856483796,0,26786.5264826216,0,34930.7671464044,0,30846.3024765842,0,26786.5264826216,0,34930.7671464044,0,30846.6902734115,0,26786.5264826216,0,34930.7671464044,0,30847.0509712283,0,26786.5264826216,0,34930.7671464044,0,30847.386386364,0,26786.5264826216,0,34930.7671464044,0,30847.6982245404,0,26786.5264826216,0,34930.7671464044,0,30847.9880862148,0,26786.5264826216,0,34930.7671464044,0,30848.2574718216,0,26786.5264826216,0,34930.7671464044,0,30848.5077868972,0,26786.5264826216,0,34930.7671464044,0,30848.7403470784,0,26786.5264826216,0,34930.7671464044,0,30848.9563829585,0,26786.5264826216,0,34930.7671464044,0,30849.1570447932,0,26786.5264826216,0,34930.7671464044,0,30849.3434070473,0,26786.5264826216,0,34930.7671464044,0,30849.5164727736,0,26786.5264826216,0,34930.7671464044,0,30849.6771778204,0,26786.5264826216,0,34930.7671464044,0,30849.8263948626,0,26786.5264826216,0,34930.7671464044,0,30849.9649372554,0,26786.5264826216,0,34930.7671464044,0,30850.0935627091,0,26786.5264826216,0,34930.7671464044,0,30850.2129767862,0,26786.5264826216,0,34930.7671464044,0,30850.3238362224,0,26786.5264826216,0,34930.7671464044,0,30850.4267520747,0,26786.5264826216,0,34930.7671464044,0,30850.5222926996,0,26786.5264826216,0,34930.7671464044,0,30850.6109865669,0,26786.5264826216,0,34930.7671464044,0,30850.693324913,0,26786.5264826216,0,34930.7671464044,0,30850.7697642401,0,26786.5264826216,0,34930.7671464044,0,30850.8407286666,0,26786.5264826216,0,34930.7671464044,0,30850.9066121353,0,26786.5264826216,0,34930.7671464044,0,30850.9677804846,0,26786.5264826216,0,34930.7671464044,0,30851.0245733906,0,26786.5264826216,0,34930.7671464044,0,30851.0773061846,0,26786.5264826216,0,34930.7671464044,0,30851.1262715546,0,26786.5264826216,0,34930.7671464044,0,30851.1717411344,0,26786.5264826216,0,34930.7671464044,0,30851.2139669882,0,26786.5264826216,0,34930.7671464044,0,30851.2531829963,0,26786.5264826216,0,34930.7671464044,0,30851.2896061473,0,26786.5264826216,0,34930.7671464044,0,30851.3234377424,0,26786.5264826216,0,34930.7671464044,0,30851.3548645173,0,26786.5264826216,0,34930.7671464044,0,30851.3840596866,0,26786.5264826216,0,34930.7671464044,0,30851.4111839161,0,26786.5264826216,0,34930.7671464044,0,30851.4363862265,0,26786.5264826216,0,34930.7671464044,0,30851.4598048343,0,26786.5264826216,0,34930.7671464044,0,30851.481567933,0,26786.5264826216,0,34930.7671464044,0,30851.5017944192,0,26786.5264826216,0,34930.7671464044,0,30851.5205945665,0,26786.5264826216,0,34930.7671464044,0,30851.538070652,0,26786.5264826216,0,34930.7671464044,0,30851.5543175372,0,26786.5264826216,0,34930.7671464044,0,30851.5694232076,0,26786.5264826216,0,34930.7671464044,0
"42",0,0,0,0,0,0,0,0,0,0,0,0,0,0,0,0,0,0,0,0,0,0,0,0,0,0,0,0,0,0,0,0,0,0,0,0,0,0,0,0,0,0,0,0,0,0,0,0,0,0,0,0,0,0,0,0,0,0,0,0,0,0,0,0,0,0,0,0,0,0,0,0,0,0,0,0,0,0,0,0,0,0,0,0,0,0,0,0,0,0,0,0,0,0,0,0,0,0,0,0,0,0,0,0,0,0,0,0,0,0,0,0,0,0,0,0,0,0,0,0,0,0,0,0,0,0,0,0,0,0,0,0,0,0,0,0,0,0,0,0,0,0,0,0,0,0,0,0,0,0,0,0,0,0,0,0,0,0,0,0,0,0,0,0,0,0,0,0,0,0,0,0,0,0,0,0,0,0,0,0,0,0,0,0,0,0,0,0,0,0,0,0,0,0,0,0,0,0,0,0,0,0,0,0,0,0,0,0,0,0,0,0,0,0,0,0,0,0,0,0,0,0,0,0,0,0,0,0,0,0,0,0,0,0,0,0,0,0,0,0,0,0,0,0,0,0,0,0,0,0,0,0,0,0,0,0,0,0,0,0,0,0,0,0,0,0,0,0,0,0,0,0,0,0,0,0,0,0,0,0,0,0,0,0,0,0,0,0,0,0,0,0,0,0,0,0,0,0,0,0,500,0,500,0,500,0,0,0,0,0,0,0,800,0,800,0,800,0,400,0,400,0,400,0,600,0,600,0,600,0,0,0,0,0,0,0,0,0,0,0,0,0,921,0,921,0,921,0,42023,0,42023,0,42023,0,38280,0,38280,0,38280,0,69692,0,69692,0,69692,0,42456.5800477813,0,42459,0,42459,0,44228.4875170181,0,44235,0,44235,0,178993.762905797,0,140804.970560155,0,215390.926877588,0,55664.0582740061,0,46121.5119920966,0,65009.8795635563,0,34976.2379513315,0,30045.2697276938,0,39898.8325809891,0,31523.2539394413,0,27343.0484796781,0,35733.7581307216,0,30950.8106015632,0,26895.2866264197,0,35052.122078294,0,30857.842909101,0,26820.3890441988,0,34934.1715594609,0,30844.3168172644,0,26807.8007387871,0,34914.5762201593,0,30843.8204736854,0,26805.725312883,0,34911.3503884885,0,30845.3679885769,0,26805.3839330393,0,34937.7022071535,0,30847.1520844748,0,26805.3278950512,0,34937.6110171361,0,30848.88083887,0,26805.3187126798,0,34937.5960776035,0,30850.5115967143,0,26805.317210381,0,34937.5936337905,0,30852.0423646098,0,26805.3169649239,0,34937.5932345569,0,30853.4775426462,0,26805.316924866,0,34937.5931694107,0,30854.8223260657,0,26805.3169183353,0,34937.5931587909,0,30856.081808486,0,26805.3169172715,0,34937.5931570612,0,30857.2608519297,0,26805.3169170983,0,34937.5931567797,0,30858.3640794799,0,26805.3169170702,0,34947.0186330928,0,30859.3958857419,0,26805.3169170656,0,34955.2706702403,0,30860.360448465,0,26805.3169170649,0,34955.2706702392,0,30861.261738997,0,26805.3169170647,0,34955.270670239,0,30862.1035315052,0,26805.3169170647,0,34955.270670239,0,30862.8894112058,0,26805.3169170647,0,34955.270670239,0,30863.6227818406,0,26805.3169170647,0,34955.270670239,0,30864.3068725975,0,26805.3169170647,0,34955.270670239,0,30864.9447446285,0,26805.3169170647,0,34955.270670239,0,30865.5392972819,0,26805.3169170647,0,34955.270670239,0,30866.0932741362,0,26805.3169170647,0,34955.270670239,0,30866.6092688966,0,26805.3169170647,0,34955.270670239,0,30867.089731197,0,26805.3169170647,0,34955.270670239,0,30867.5369723337,0,26805.3169170647,0,34955.270670239,0,30867.9531709421,0,26805.3169170647,0,34955.270670239,0,30868.3403786227,0,26805.3169170647,0,34955.270670239,0,30868.700525511,0,26805.3169170647,0,34955.270670239,0,30869.0354257849,0,26805.3169170647,0,34955.270670239,0,30869.3467830965,0,26805.3169170647,0,34955.270670239,0,30869.6361959163,0,26805.3169170647,0,34955.270670239,0,30869.9051627752,0,26805.3169170647,0,34955.270670239,0,30870.1550873907,0,26805.3169170647,0,34955.270670239,0,30870.3872836639,0,26805.3169170647,0,34955.270670239,0,30870.6029805358,0,26805.3169170647,0,34955.270670239,0,30870.803326692,0,26805.3169170647,0,34955.270670239,0,30870.9893951079,0,26805.3169170647,0,34955.270670239,0,30871.1621874256,0,26805.3169170647,0,34955.270670239,0,30871.3226381598,0,26805.3169170647,0,34955.270670239,0,30871.4716187264,0,26805.3169170647,0,34955.270670239,0,30871.6099412935,0,26805.3169170647,0,34955.270670239,0,30871.738362454,0,26805.3169170647,0,34955.270670239,0,30871.8575867197,0,26805.3169170647,0,34955.270670239,0,30871.9682698393,0,26805.3169170647,0,34955.270670239,0,30872.0710219442,0,26805.3169170647,0,34955.270670239,0,30872.166410523,0,26805.3169170647,0,34955.270670239,0,30872.2549632332,0,26805.3169170647,0,34955.270670239,0,30872.3371705511,0,26805.3169170647,0,34955.270670239,0,30872.4134882686,0,26805.3169170647,0,34955.270670239,0,30872.4843398407,0,26805.3169170647,0,34955.270670239,0,30872.5501185908,0,26805.3169170647,0,34955.270670239,0,30872.6111897799,0,26805.3169170647,0,34955.270670239,0,30872.6678925455,0,26805.3169170647,0,34955.270670239,0,30872.7205417178,0,26805.3169170647,0,34955.270670239,0,30872.7694295174,0,26805.3169170647,0,34955.270670239,0,30872.8148271436,0,26805.3169170647,0,34955.270670239,0,30872.8569862564,0,26805.3169170647,0,34955.270670239,0,30872.8961403601,0,26805.3169170647,0,34955.270670239,0,30872.9325060938,0,26805.3169170647,0,34955.270670239,0,30872.966284434,0,26805.3169170647,0,34955.270670239,0,30872.9976618147,0,26805.3169170647,0,34955.270670239,0,30873.0268111705,0,26805.3169170647,0,34955.270670239,0,30873.053892907,0,26805.3169170647,0,34955.270670239,0,30873.0790558036,0,26805.3169170647,0,34955.270670239,0,30873.1024378528,0,26805.3169170647,0,34955.270670239,0,30873.1241670402,0,26805.3169170647,0,34955.270670239,0,30873.1443620696,0,26805.3169170647,0,34955.270670239,0,30873.1631330358,0,26805.3169170647,0,34955.270670239,0,30873.1805820501,0,26805.3169170647,0,34955.270670239,0,30873.1968038201,0,26805.3169170647,0,34955.270670239,0,30873.2118861888,0,26805.3169170647,0,34955.270670239,0
"43",0,0,0,0,0,0,0,0,0,0,0,0,0,0,0,0,0,0,0,0,0,0,0,0,0,0,0,0,0,0,0,0,0,0,0,0,0,0,0,0,0,0,0,0,0,0,0,0,0,0,0,0,0,0,0,0,0,0,0,0,0,0,0,0,0,0,0,0,0,0,0,0,0,0,0,0,0,0,0,0,0,0,0,0,0,0,0,0,0,0,0,0,0,0,0,0,0,0,0,0,0,0,0,0,0,0,0,0,0,0,0,0,0,0,0,0,0,0,0,0,0,0,0,0,0,0,0,0,0,0,0,0,0,0,0,0,0,0,0,0,0,0,0,0,0,0,0,0,0,0,0,0,0,0,0,0,0,0,0,0,0,0,0,0,0,0,0,0,0,0,0,0,0,0,0,0,0,0,0,0,0,0,0,0,0,0,0,0,0,0,0,0,0,0,0,0,0,0,0,0,0,0,0,0,0,0,0,0,0,0,0,0,0,0,0,0,0,0,0,0,0,0,0,0,0,0,0,0,0,0,0,0,0,0,0,0,0,0,0,0,0,0,0,0,0,0,0,0,0,0,0,0,0,0,0,0,0,0,0,0,0,0,0,0,0,0,0,0,0,0,0,0,0,0,0,0,0,0,0,0,0,0,0,0,0,0,0,0,0,0,0,0,0,0,0,0,0,0,0,0,500,0,500,0,500,0,0,0,0,0,0,0,800,0,800,0,800,0,400,0,400,0,400,0,600,0,600,0,600,0,0,0,0,0,0,0,0,0,0,0,0,0,921,0,921,0,921,0,42023,0,42023,0,42023,0,38280,0,38280,0,38280,0,69692,0,69692,0,69692,0,42456.5800477813,0,42459,0,42459,0,44228.4875170181,0,44235,0,44235,0,183359.464440085,0,144239.238134792,0,220644.364118504,0,53575.8469420986,0,44512.5864614944,0,62431.6897613245,0,34223.4466381852,0,29460.9864668687,0,38980.5562475287,0,31352.5369574541,0,27215.5448644206,0,35530.127892974,0,30930.0479627629,0,26880.9824427292,0,35024.5647801349,0,30869.7747519336,0,26831.2782288483,0,34946.6948444409,0,30862.8030064537,0,26823.9219022043,0,34935.2587734537,0,30863.5541348777,0,26822.8437868463,0,34933.5879041411,0,30865.3296128737,0,26822.6861499544,0,34960.2405837134,0,30867.1529053432,0,26822.6631481171,0,34960.2031991291,0,30868.8868760393,0,26822.6597977443,0,34960.1977549069,0,30870.5169238722,0,26822.6593104947,0,34960.1969632818,0,30872.0460335877,0,26822.6592397284,0,34960.1968483261,0,30873.4794712127,0,26822.6592294626,0,34960.1968316519,0,30874.8225773873,0,26822.6592279749,0,34960.1968292358,0,30876.0804668143,0,26822.6592277595,0,34960.1968288859,0,30877.2580016398,0,26822.6592277283,0,34960.1968288354,0,30878.3598017777,0,26822.6592277238,0,34970.4981597309,0,30879.390258321,0,26822.6592277232,0,34977.8857792112,0,30880.353545618,0,26822.6592277231,0,34977.885779211,0,30881.2536317685,0,26822.6592277231,0,34977.885779211,0,30882.0942878264,0,26822.659227723,0,34977.885779211,0,30882.8790960069,0,26822.659227723,0,34977.885779211,0,30883.6114571463,0,26822.659227723,0,34977.885779211,0,30884.2945976104,0,26822.659227723,0,34977.885779211,0,30884.9315758046,0,26822.659227723,0,34977.885779211,0,30885.5252884014,0,26822.659227723,0,34977.885779211,0,30886.0784763723,0,26822.659227723,0,34977.885779211,0,30886.5937308841,0,26822.659227723,0,34977.885779211,0,30887.073499102,0,26822.659227723,0,34977.885779211,0,30887.5200899242,0,26822.659227723,0,34977.885779211,0,30887.9356796612,0,26822.659227723,0,34977.885779211,0,30888.3223176639,0,26822.659227723,0,34977.885779211,0,30888.6819318957,0,26822.659227723,0,34977.885779211,0,30889.0163344411,0,26822.659227723,0,34977.885779211,0,30889.3272269398,0,26822.659227723,0,34977.885779211,0,30889.6162059313,0,26822.659227723,0,34977.885779211,0,30889.884768098,0,26822.659227723,0,34977.885779211,0,30890.1343153913,0,26822.659227723,0,34977.885779211,0,30890.3661600281,0,26822.659227723,0,34977.885779211,0,30890.5815293469,0,26822.659227723,0,34977.885779211,0,30890.781570511,0,26822.659227723,0,34977.885779211,0,30890.9673550519,0,26822.659227723,0,34977.885779211,0,30891.1398832455,0,26822.659227723,0,34977.885779211,0,30891.3000883145,0,26822.659227723,0,34977.885779211,0,30891.4488404556,0,26822.659227723,0,34977.885779211,0,30891.5869506882,0,26822.659227723,0,34977.885779211,0,30891.7151745235,0,26822.659227723,0,34977.885779211,0,30891.8342154568,0,26822.659227723,0,34977.885779211,0,30891.9447282822,0,26822.659227723,0,34977.885779211,0,30892.0473222354,0,26822.659227723,0,34977.885779211,0,30892.1425639663,0,26822.659227723,0,34977.885779211,0,30892.2309803468,0,26822.659227723,0,34977.885779211,0,30892.3130611185,0,26822.659227723,0,34977.885779211,0,30892.3892613868,0,26822.659227723,0,34977.885779211,0,30892.4600039655,0,26822.659227723,0,34977.885779211,0,30892.5256815796,0,26822.659227723,0,34977.885779211,0,30892.586658932,0,26822.659227723,0,34977.885779211,0,30892.6432746402,0,26822.659227723,0,34977.885779211,0,30892.6958430499,0,26822.659227723,0,34977.885779211,0,30892.7446559306,0,26822.659227723,0,34977.885779211,0,30892.7899840618,0,26822.659227723,0,34977.885779211,0,30892.832078713,0,26822.659227723,0,34977.885779211,0,30892.8711730254,0,26822.659227723,0,34977.885779211,0,30892.9074833008,0,26822.659227723,0,34977.885779211,0,30892.9412102019,0,26822.659227723,0,34977.885779211,0,30892.9725398716,0,26822.659227723,0,34977.885779211,0,30893.0016449739,0,26822.659227723,0,34977.885779211,0,30893.0286856634,0,26822.659227723,0,34977.885779211,0,30893.0538104863,0,26822.659227723,0,34977.885779211,0,30893.0771572188,0,26822.659227723,0,34977.885779211,0,30893.0988536461,0,26822.659227723,0,34977.885779211,0,30893.1190182855,0,26822.659227723,0,34977.885779211,0,30893.1377610593,0,26822.659227723,0,34977.885779211,0,30893.1551839187,0,26822.659227723,0,34977.885779211,0,30893.1713814229,0,26822.659227723,0,34977.885779211,0,30893.1864412771,0,26822.659227723,0,34977.885779211,0
"44",0,0,0,0,0,0,0,0,0,0,0,0,0,0,0,0,0,0,0,0,0,0,0,0,0,0,0,0,0,0,0,0,0,0,0,0,0,0,0,0,0,0,0,0,0,0,0,0,0,0,0,0,0,0,0,0,0,0,0,0,0,0,0,0,0,0,0,0,0,0,0,0,0,0,0,0,0,0,0,0,0,0,0,0,0,0,0,0,0,0,0,0,0,0,0,0,0,0,0,0,0,0,0,0,0,0,0,0,0,0,0,0,0,0,0,0,0,0,0,0,0,0,0,0,0,0,0,0,0,0,0,0,0,0,0,0,0,0,0,0,0,0,0,0,0,0,0,0,0,0,0,0,0,0,0,0,0,0,0,0,0,0,0,0,0,0,0,0,0,0,0,0,0,0,0,0,0,0,0,0,0,0,0,0,0,0,0,0,0,0,0,0,0,0,0,0,0,0,0,0,0,0,0,0,0,0,0,0,0,0,0,0,0,0,0,0,0,0,0,0,0,0,0,0,0,0,0,0,0,0,0,0,0,0,0,0,0,0,0,0,0,0,0,0,0,0,0,0,0,0,0,0,0,0,0,0,0,0,0,0,0,0,0,0,0,0,0,0,0,0,0,0,0,0,0,0,0,0,0,0,0,0,0,0,0,0,0,0,0,0,0,0,0,0,0,0,0,0,0,0,500,0,500,0,500,0,0,0,0,0,0,0,800,0,800,0,800,0,400,0,400,0,400,0,600,0,600,0,600,0,0,0,0,0,0,0,0,0,0,0,0,0,921,0,921,0,921,0,42023,0,42023,0,42023,0,38280,0,38280,0,38280,0,69692,0,69692,0,69692,0,42456.5800477813,0,42459,0,42459,0,44228.4875170181,0,44235,0,44235,0,187725.165974372,0,147673.50570943,0,225897.801359421,0,51323.5465011525,0,42799.300034284,0,59709.6478132152,0,33525.9947123198,0,28912.313057726,0,38155.937880911,0,31216.161596595,0,27109.6318826757,0,35371.1344904448,0,30919.3990475214,0,26874.08863277,0,35009.1745725095,0,30883.1710708176,0,26843.2271096662,0,34961.2194233696,0,30880.4403532321,0,26839.2589498622,0,34955.0605617987,0,30881.9020735346,0,26838.7500675784,0,34954.2761101817,0,30883.7911838725,0,26838.6849599681,0,34981.0875432957,0,30885.6307269595,0,26838.6766469959,0,34981.0740480913,0,30887.3655333166,0,26838.6755874854,0,34981.072328455,0,30888.9940974014,0,26838.6754526573,0,34981.072109662,0,30890.5214516007,0,26838.6754355228,0,34981.0720818612,0,30891.95317349,0,26838.6754333478,0,34981.0720783328,0,30893.2946470626,0,26838.675433072,0,34981.0720778854,0,30894.5509897857,0,26838.6754330371,0,34981.0720778288,0,30895.7270607596,0,26838.6754330327,0,34981.0720778216,0,30896.8274762451,0,26838.6754330321,0,34992.2050540334,0,30897.8566238027,0,26838.675433032,0,34998.7715905378,0,30898.8186744339,0,26838.675433032,0,34998.7715905378,0,30899.7175930533,0,26838.675433032,0,34998.7715905378,0,30900.5571476633,0,26838.675433032,0,34998.7715905378,0,30901.3409175383,0,26838.675433032,0,34998.7715905378,0,30902.0723006681,0,26838.675433032,0,34998.7715905378,0,30902.7545206545,0,26838.675433032,0,34998.7715905378,0,30903.3906332143,0,26838.675433032,0,34998.7715905378,0,30903.9835324028,0,26838.675433032,0,34998.7715905378,0,30904.5359566431,0,26838.675433032,0,34998.7715905378,0,30905.0504946223,0,26838.675433032,0,34998.7715905378,0,30905.5295910954,0,26838.675433032,0,34998.7715905378,0,30905.9755526212,0,26838.675433032,0,34998.7715905378,0,30906.3905532441,0,26838.675433032,0,34998.7715905378,0,30906.7766401232,0,26838.675433032,0,34998.7715905378,0,30907.1357391069,0,26838.675433032,0,34998.7715905378,0,30907.469660243,0,26838.675433032,0,34998.7715905378,0,30907.7801032141,0,26838.675433032,0,34998.7715905378,0,30908.0686626829,0,26838.675433032,0,34998.7715905378,0,30908.336833536,0,26838.675433032,0,34998.7715905378,0,30908.5860160096,0,26838.675433032,0,34998.7715905378,0,30908.8175206862,0,26838.675433032,0,34998.7715905378,0,30909.0325733494,0,26838.675433032,0,34998.7715905378,0,30909.2323196858,0,26838.675433032,0,34998.7715905378,0,30909.4178298276,0,26838.675433032,0,34998.7715905378,0,30909.5901027258,0,26838.675433032,0,34998.7715905378,0,30909.7500703517,0,26838.675433032,0,34998.7715905378,0,30909.8986017212,0,26838.675433032,0,34998.7715905378,0,30910.0365067406,0,26838.675433032,0,34998.7715905378,0,30910.1645398745,0,26838.675433032,0,34998.7715905378,0,30910.2834036337,0,26838.675433032,0,34998.7715905378,0,30910.3937518887,0,26838.675433032,0,34998.7715905378,0,30910.4961930088,0,26838.675433032,0,34998.7715905378,0,30910.591292832,0,26838.675433032,0,34998.7715905378,0,30910.6795774705,0,26838.675433032,0,34998.7715905378,0,30910.7615359554,0,26838.675433032,0,34998.7715905378,0,30910.8376227282,0,26838.675433032,0,34998.7715905378,0,30910.9082599825,0,26838.675433032,0,34998.7715905378,0,30910.9738398651,0,26838.675433032,0,34998.7715905378,0,30911.0347265392,0,26838.675433032,0,34998.7715905378,0,30911.0912581198,0,26838.675433032,0,34998.7715905378,0,30911.143748484,0,26838.675433032,0,34998.7715905378,0,30911.1924889655,0,26838.675433032,0,34998.7715905378,0,30911.2377499382,0,26838.675433032,0,34998.7715905378,0,30911.2797822941,0,26838.675433032,0,34998.7715905378,0,30911.3188188237,0,26838.675433032,0,34998.7715905378,0,30911.3550755025,0,26838.675433032,0,34998.7715905378,0,30911.3887526905,0,26838.675433032,0,34998.7715905378,0,30911.420036249,0,26838.675433032,0,34998.7715905378,0,30911.4490985808,0,26838.675433032,0,34998.7715905378,0,30911.4760995977,0,26838.675433032,0,34998.7715905378,0,30911.5011876209,0,26838.675433032,0,34998.7715905378,0,30911.5245002176,0,26838.675433032,0,34998.7715905378,0,30911.546164979,0,26838.675433032,0,34998.7715905378,0,30911.5663002428,0,26838.675433032,0,34998.7715905378,0,30911.5850157645,0,26838.675433032,0,34998.7715905378,0,30911.6024133404,0,26838.675433032,0,34998.7715905378,0,30911.6185873865,0,26838.675433032,0,34998.7715905378,0,30911.6336254749,0,26838.675433032,0,34998.7715905378,0
"45",0,0,0,0,0,0,0,0,0,0,0,0,0,0,0,0,0,0,0,0,0,0,0,0,0,0,0,0,0,0,0,0,0,0,0,0,0,0,0,0,0,0,0,0,0,0,0,0,0,0,0,0,0,0,0,0,0,0,0,0,0,0,0,0,0,0,0,0,0,0,0,0,0,0,0,0,0,0,0,0,0,0,0,0,0,0,0,0,0,0,0,0,0,0,0,0,0,0,0,0,0,0,0,0,0,0,0,0,0,0,0,0,0,0,0,0,0,0,0,0,0,0,0,0,0,0,0,0,0,0,0,0,0,0,0,0,0,0,0,0,0,0,0,0,0,0,0,0,0,0,0,0,0,0,0,0,0,0,0,0,0,0,0,0,0,0,0,0,0,0,0,0,0,0,0,0,0,0,0,0,0,0,0,0,0,0,0,0,0,0,0,0,0,0,0,0,0,0,0,0,0,0,0,0,0,0,0,0,0,0,0,0,0,0,0,0,0,0,0,0,0,0,0,0,0,0,0,0,0,0,0,0,0,0,0,0,0,0,0,0,0,0,0,0,0,0,0,0,0,0,0,0,0,0,0,0,0,0,0,0,0,0,0,0,0,0,0,0,0,0,0,0,0,0,0,0,0,0,0,0,0,0,0,0,0,0,0,0,0,0,0,0,0,0,0,0,0,0,0,0,500,0,500,0,500,0,0,0,0,0,0,0,800,0,800,0,800,0,400,0,400,0,400,0,600,0,600,0,600,0,0,0,0,0,0,0,0,0,0,0,0,0,921,0,921,0,921,0,42023,0,42023,0,42023,0,38280,0,38280,0,38280,0,69692,0,69692,0,69692,0,42456.5800477813,0,42459,0,42459,0,44228.4875170181,0,44235,0,44235,0,192090.86750866,0,151107.773284068,0,231151.238600338,0,48907.1569511678,0,40920.4928135028,0,56739.1381133182,0,32893.0781784547,0,28413.4262146526,0,37377.1263096263,0,31112.1224566182,0,27030.2564381974,0,35245.3913186131,0,30916.7766219772,0,26873.138822858,0,35003.9434496414,0,30897.2739197318,0,26855.6419504033,0,34976.7843352481,0,30897.0939507357,0,26853.7135251383,0,34973.7987079119,0,30898.9250053748,0,26853.501542996,0,34973.476037033,0,30900.8643111048,0,26853.4782952988,0,35000.3667849526,0,30902.708986878,0,26853.475750995,0,35000.3626591263,0,30904.4427953469,0,26853.4754730359,0,35000.3622084894,0,30906.0696200667,0,26853.4754427167,0,35000.3621593441,0,30907.5952212654,0,26853.475439414,0,35000.3621539915,0,30909.0252694373,0,26853.4754390547,0,35000.3621534092,0,30910.3651566986,0,26853.4754390156,0,35000.3621533459,0,30911.6199977921,0,26853.4754390114,0,35000.3621533391,0,30912.7946479978,0,26853.4754390109,0,35000.3621533383,0,30913.8937198763,0,26853.4754390109,0,35012.2857294491,0,30914.9215975128,0,26853.4754390109,0,35018.0714263321,0,30915.8824486287,0,26853.4754390109,0,35018.0714263321,0,30916.7802350187,0,26853.4754390109,0,35018.0714263321,0,30917.6187216954,0,26853.4754390109,0,35018.0714263321,0,30918.4014850523,0,26853.4754390109,0,35018.0714263321,0,30919.1319202909,0,26853.4754390109,0,35018.0714263321,0,30919.8132483071,0,26853.4754390109,0,35018.0714263321,0,30920.4485221869,0,26853.4754390109,0,35018.0714263321,0,30921.0406334256,0,26853.4754390109,0,35018.0714263321,0,30921.5923179555,0,26853.4754390109,0,35018.0714263321,0,30922.1061620418,0,26853.4754390109,0,35018.0714263321,0,30922.5846080866,0,26853.4754390109,0,35018.0714263321,0,30923.0299603671,0,26853.4754390109,0,35018.0714263321,0,30923.4443907181,0,26853.4754390109,0,35018.0714263321,0,30923.8299441635,0,26853.4754390109,0,35018.0714263321,0,30924.1885444922,0,26853.4754390109,0,35018.0714263321,0,30924.5219997701,0,26853.4754390109,0,35018.0714263321,0,30924.8320077761,0,26853.4754390109,0,35018.0714263321,0,30925.1201613484,0,26853.4754390109,0,35018.0714263321,0,30925.3879536285,0,26853.4754390109,0,35018.0714263321,0,30925.6367831867,0,26853.4754390109,0,35018.0714263321,0,30925.8679590188,0,26853.4754390109,0,35018.0714263321,0,30926.0827053989,0,26853.4754390109,0,35018.0714263321,0,30926.2821665815,0,26853.4754390109,0,35018.0714263321,0,30926.4674113411,0,26853.4754390109,0,35018.0714263321,0,30926.6394373446,0,26853.4754390109,0,35018.0714263321,0,30926.79917535,0,26853.4754390109,0,35018.0714263321,0,30926.9474932286,0,26853.4754390109,0,35018.0714263321,0,30927.0851998092,0,26853.4754390109,0,35018.0714263321,0,30927.2130485418,0,26853.4754390109,0,35018.0714263321,0,30927.3317409843,0,26853.4754390109,0,35018.0714263321,0,30927.4419301127,0,26853.4754390109,0,35018.0714263321,0,30927.5442234574,0,26853.4754390109,0,35018.0714263321,0,30927.639186071,0,26853.4754390109,0,35018.0714263321,0,30927.7273433303,0,26853.4754390109,0,35018.0714263321,0,30927.8091835788,0,26853.4754390109,0,35018.0714263321,0,30927.8851606156,0,26853.4754390109,0,35018.0714263321,0,30927.9556960346,0,26853.4754390109,0,35018.0714263321,0,30928.0211814229,0,26853.4754390109,0,35018.0714263321,0,30928.0819804221,0,26853.4754390109,0,35018.0714263321,0,30928.1384306608,0,26853.4754390109,0,35018.0714263321,0,30928.1908455634,0,26853.4754390109,0,35018.0714263321,0,30928.2395160419,0,26853.4754390109,0,35018.0714263321,0,30928.2847120779,0,26853.4754390109,0,35018.0714263321,0,30928.3266841987,0,26853.4754390109,0,35018.0714263321,0,30928.3656648554,0,26853.4754390109,0,35018.0714263321,0,30928.4018697085,0,26853.4754390109,0,35018.0714263321,0,30928.4354988248,0,26853.4754390109,0,35018.0714263321,0,30928.4667377938,0,26853.4754390109,0,35018.0714263321,0,30928.4957587654,0,26853.4754390109,0,35018.0714263321,0,30928.5227214172,0,26853.4754390109,0,35018.0714263321,0,30928.5477738525,0,26853.4754390109,0,35018.0714263321,0,30928.5710534367,0,26853.4754390109,0,35018.0714263321,0,30928.5926875735,0,26853.4754390109,0,35018.0714263321,0,30928.6127944268,0,26853.4754390109,0,35018.0714263321,0,30928.6314835908,0,26853.4754390109,0,35018.0714263321,0,30928.6488567124,0,26853.4754390109,0,35018.0714263321,0,30928.6650080689,0,26853.4754390109,0,35018.0714263321,0,30928.680025104,0,26853.4754390109,0,35018.0714263321,0
"46",0,0,0,0,0,0,0,0,0,0,0,0,0,0,0,0,0,0,0,0,0,0,0,0,0,0,0,0,0,0,0,0,0,0,0,0,0,0,0,0,0,0,0,0,0,0,0,0,0,0,0,0,0,0,0,0,0,0,0,0,0,0,0,0,0,0,0,0,0,0,0,0,0,0,0,0,0,0,0,0,0,0,0,0,0,0,0,0,0,0,0,0,0,0,0,0,0,0,0,0,0,0,0,0,0,0,0,0,0,0,0,0,0,0,0,0,0,0,0,0,0,0,0,0,0,0,0,0,0,0,0,0,0,0,0,0,0,0,0,0,0,0,0,0,0,0,0,0,0,0,0,0,0,0,0,0,0,0,0,0,0,0,0,0,0,0,0,0,0,0,0,0,0,0,0,0,0,0,0,0,0,0,0,0,0,0,0,0,0,0,0,0,0,0,0,0,0,0,0,0,0,0,0,0,0,0,0,0,0,0,0,0,0,0,0,0,0,0,0,0,0,0,0,0,0,0,0,0,0,0,0,0,0,0,0,0,0,0,0,0,0,0,0,0,0,0,0,0,0,0,0,0,0,0,0,0,0,0,0,0,0,0,0,0,0,0,0,0,0,0,0,0,0,0,0,0,0,0,0,0,0,0,0,0,0,0,0,0,0,0,0,0,0,0,0,0,0,0,0,0,500,0,500,0,500,0,0,0,0,0,0,0,800,0,800,0,800,0,400,0,400,0,400,0,600,0,600,0,600,0,0,0,0,0,0,0,0,0,0,0,0,0,921,0,921,0,921,0,42023,0,42023,0,42023,0,38280,0,38280,0,38280,0,69692,0,69692,0,69692,0,42456.5800477813,0,42459,0,42459,0,44228.4875170181,0,44235,0,44235,0,196456.569042948,0,154542.040858706,0,236404.675841255,0,46326.6782921446,0,38946.0664984977,0,53629.6426562276,0,32333.8930413088,0,27981.4741938274,0,36690.3478864173,0,31037.7302422756,0,26971.5585304254,0,35153.8662011229,0,30920.1751785054,0,26876.9057120219,0,35006.3521695129,0,30911.4839398911,0,26868.0534878821,0,34992.6292215454,0,30912.6969400298,0,26867.2404139325,0,34991.3768289854,0,30914.6977548534,0,26867.1659305174,0,34991.2677531306,0,30916.6554826558,0,26867.1591232725,0,35018.1974503142,0,30918.5005341081,0,26867.158502418,0,35018.1964446003,0,30920.2326989491,0,26867.1584458945,0,35018.1963530596,0,30921.8577379257,0,26867.1584407565,0,35018.1963447402,0,30923.3816227317,0,26867.1584402901,0,35018.1963439851,0,30924.8100432552,0,26867.1584402478,0,35018.1963439166,0,30926.1483896018,0,26867.1584402439,0,35018.1963439104,0,30927.4017724994,0,26867.1584402436,0,35018.1963439099,0,30928.5750433161,0,26867.1584402436,0,35018.1963439098,0,30929.6728109725,0,26867.1584402436,0,35030.8723489583,0,30930.6994561508,0,26867.1584402436,0,35035.9146405403,0,30931.6591433616,0,26867.1584402436,0,35035.9146405403,0,30932.555831344,0,26867.1584402436,0,35035.9146405403,0,30933.3932821823,0,26867.1584402436,0,35035.9146405403,0,30934.175069448,0,26867.1584402436,0,35035.9146405403,0,30934.9045856124,0,26867.1584402436,0,35035.9146405403,0,30935.5850489227,0,26867.1584402436,0,35035.9146405403,0,30936.2195098909,0,26867.1584402436,0,35035.9146405403,0,30936.810857509,0,26867.1584402436,0,35035.9146405403,0,30937.3618252752,0,26867.1584402436,0,35035.9146405403,0,30937.8749970888,0,26867.1584402436,0,35035.9146405403,0,30938.3528130558,0,26867.1584402436,0,35035.9146405403,0,30938.7975752273,0,26867.1584402436,0,35035.9146405403,0,30939.2114532839,0,26867.1584402436,0,35035.9146405403,0,30939.596490169,0,26867.1584402436,0,35035.9146405403,0,30939.9546076663,0,26867.1584402436,0,35035.9146405403,0,30940.2876119125,0,26867.1584402436,0,35035.9146405403,0,30940.5971988343,0,26867.1584402436,0,35035.9146405403,0,30940.8849594959,0,26867.1584402436,0,35035.9146405403,0,30941.1523853427,0,26867.1584402436,0,35035.9146405403,0,30941.4008733266,0,26867.1584402436,0,35035.9146405403,0,30941.631730902,0,26867.1584402436,0,35035.9146405403,0,30941.846180878,0,26867.1584402436,0,35035.9146405403,0,30942.0453661189,0,26867.1584402436,0,35035.9146405403,0,30942.230354082,0,26867.1584402436,0,35035.9146405403,0,30942.4021411886,0,26867.1584402436,0,35035.9146405403,0,30942.5616570202,0,26867.1584402436,0,35035.9146405403,0,30942.7097683389,0,26867.1584402436,0,35035.9146405403,0,30942.8472829284,0,26867.1584402436,0,35035.9146405403,0,30942.9749532559,0,26867.1584402436,0,35035.9146405403,0,30943.0934799562,0,26867.1584402436,0,35035.9146405403,0,30943.2035151386,0,26867.1584402436,0,35035.9146405403,0,30943.3056655213,0,26867.1584402436,0,35035.9146405403,0,30943.4004953959,0,26867.1584402436,0,35035.9146405403,0,30943.4885294272,0,26867.1584402436,0,35035.9146405403,0,30943.5702552935,0,26867.1584402436,0,35035.9146405403,0,30943.6461261716,0,26867.1584402436,0,35035.9146405403,0,30943.7165630752,0,26867.1584402436,0,35035.9146405403,0,30943.7819570497,0,26867.1584402436,0,35035.9146405403,0,30943.8426712317,0,26867.1584402436,0,35035.9146405403,0,30943.8990427794,0,26867.1584402436,0,35035.9146405403,0,30943.9513846789,0,26867.1584402436,0,35035.9146405403,0,30943.9999874345,0,26867.1584402436,0,35035.9146405403,0,30944.0451206481,0,26867.1584402436,0,35035.9146405403,0,30944.0870344941,0,26867.1584402436,0,35035.9146405403,0,30944.1259610956,0,26867.1584402436,0,35035.9146405403,0,30944.162115808,0,26867.1584402436,0,35035.9146405403,0,30944.1956984149,0,26867.1584402436,0,35035.9146405403,0,30944.2268942424,0,26867.1584402436,0,35035.9146405403,0,30944.2558751964,0,26867.1584402436,0,35035.9146405403,0,30944.2828007274,0,26867.1584402436,0,35035.9146405403,0,30944.3078187284,0,26867.1584402436,0,35035.9146405403,0,30944.3310663692,0,26867.1584402436,0,35035.9146405403,0,30944.3526708725,0,26867.1584402436,0,35035.9146405403,0,30944.372750234,0,26867.1584402436,0,35035.9146405403,0,30944.3914138921,0,26867.1584402436,0,35035.9146405403,0,30944.4087633489,0,26867.1584402436,0,35035.9146405403,0,30944.4248927477,0,26867.1584402436,0,35035.9146405403,0,30944.4398894078,0,26867.1584402436,0,35035.9146405403,0
"47",0,0,0,0,0,0,0,0,0,0,0,0,0,0,0,0,0,0,0,0,0,0,0,0,0,0,0,0,0,0,0,0,0,0,0,0,0,0,0,0,0,0,0,0,0,0,0,0,0,0,0,0,0,0,0,0,0,0,0,0,0,0,0,0,0,0,0,0,0,0,0,0,0,0,0,0,0,0,0,0,0,0,0,0,0,0,0,0,0,0,0,0,0,0,0,0,0,0,0,0,0,0,0,0,0,0,0,0,0,0,0,0,0,0,0,0,0,0,0,0,0,0,0,0,0,0,0,0,0,0,0,0,0,0,0,0,0,0,0,0,0,0,0,0,0,0,0,0,0,0,0,0,0,0,0,0,0,0,0,0,0,0,0,0,0,0,0,0,0,0,0,0,0,0,0,0,0,0,0,0,0,0,0,0,0,0,0,0,0,0,0,0,0,0,0,0,0,0,0,0,0,0,0,0,0,0,0,0,0,0,0,0,0,0,0,0,0,0,0,0,0,0,0,0,0,0,0,0,0,0,0,0,0,0,0,0,0,0,0,0,0,0,0,0,0,0,0,0,0,0,0,0,0,0,0,0,0,0,0,0,0,0,0,0,0,0,0,0,0,0,0,0,0,0,0,0,0,0,0,0,0,0,0,0,0,0,0,0,0,0,0,0,0,0,0,0,0,0,0,0,500,0,500,0,500,0,0,0,0,0,0,0,800,0,800,0,800,0,400,0,400,0,400,0,600,0,600,0,600,0,0,0,0,0,0,0,0,0,0,0,0,0,921,0,921,0,921,0,42023,0,42023,0,42023,0,38280,0,38280,0,38280,0,69692,0,69692,0,69692,0,42456.5800477813,0,42459,0,42459,0,44228.4875170181,0,44235,0,44235,0,200822.270577236,0,157976.308433344,0,241658.113082172,0,43582.1105240828,0,36774.2739040458,0,50304.4365545389,0,31857.6353056015,0,27610.4723543398,0,36113.018119167,0,30989.6117633168,0,26935.2459171803,0,35093.9822824085,0,30927.7342566884,0,26883.9150383702,0,35014.0684216681,0,30925.3577772864,0,26880.1154176116,0,35008.1902578085,0,30927.2359989367,0,26879.8362123631,0,35007.7665976954,0,30929.302156027,0,26879.8157499564,0,35007.7413178213,0,30931.2644359482,0,26879.8142538232,0,35034.6917526744,0,30933.1081526147,0,26879.8141446569,0,35034.6915760143,0,30934.8385111081,0,26879.8141367058,0,35034.6915631505,0,30936.4617894798,0,26879.8141361275,0,35034.6915622151,0,30937.9840033114,0,26879.8141360856,0,35034.6915621472,0,30939.4108419206,0,26879.8141360825,0,35034.6915621423,0,30940.7476911709,0,26879.8141360823,0,35034.691562142,0,30941.9996576127,0,26879.8141360823,0,35034.6915621419,0,30943.1715887662,0,26879.8141360823,0,35034.6915621419,0,30944.2680899917,0,26879.8141360823,0,35048.0844421534,0,30945.2935386427,0,26879.8141360823,0,35052.4182049238,0,30946.252096087,0,26879.8141360823,0,35052.4182049238,0,30947.1477180717,0,26879.8141360823,0,35052.4182049238,0,30947.9841638132,0,26879.8141360823,0,35052.4182049238,0,30948.7650041196,0,26879.8141360823,0,35052.4182049238,0,30949.4936287892,0,26879.8141360823,0,35052.4182049238,0,30950.173253477,0,26879.8141360823,0,35052.4182049238,0,30950.8069261766,0,26879.8141360823,0,35052.4182049238,0,30951.3975334326,0,26879.8141360823,0,35052.4182049238,0,30951.9478063642,0,26879.8141360823,0,35052.4182049238,0,30952.4603265605,0,26879.8141360823,0,35052.4182049238,0,30952.9375318858,0,26879.8141360823,0,35052.4182049238,0,30953.3817222195,0,26879.8141360823,0,35052.4182049238,0,30953.7950651423,0,26879.8141360823,0,35052.4182049238,0,30954.1796015701,0,26879.8141360823,0,35052.4182049238,0,30954.5372513332,0,26879.8141360823,0,35052.4182049238,0,30954.8698186903,0,26879.8141360823,0,35052.4182049238,0,30955.1789977662,0,26879.8141360823,0,35052.4182049238,0,30955.4663778996,0,26879.8141360823,0,35052.4182049238,0,30955.7334488867,0,26879.8141360823,0,35052.4182049238,0,30955.9816061067,0,26879.8141360823,0,35052.4182049238,0,30956.2121555166,0,26879.8141360823,0,35052.4182049238,0,30956.4263185028,0,26879.8141360823,0,35052.4182049238,0,30956.6252365796,0,26879.8141360823,0,35052.4182049238,0,30956.8099759262,0,26879.8141360823,0,35052.4182049238,0,30956.981531755,0,26879.8141360823,0,35052.4182049238,0,30957.1408325065,0,26879.8141360823,0,35052.4182049238,0,30957.2887438667,0,26879.8141360823,0,35052.4182049238,0,30957.4260726061,0,26879.8141360823,0,35052.4182049238,0,30957.5535702394,0,26879.8141360823,0,35052.4182049238,0,30957.6719365061,0,26879.8141360823,0,35052.4182049238,0,30957.7818226758,0,26879.8141360823,0,35052.4182049238,0,30957.8838346797,0,26879.8141360823,0,35052.4182049238,0,30957.9785360723,0,26879.8141360823,0,35052.4182049238,0,30958.0664508288,0,26879.8141360823,0,35052.4182049238,0,30958.1480659825,0,26879.8141360823,0,35052.4182049238,0,30958.2238341083,0,26879.8141360823,0,35052.4182049238,0,30958.2941756575,0,26879.8141360823,0,35052.4182049238,0,30958.3594811511,0,26879.8141360823,0,35052.4182049238,0,30958.4201132369,0,26879.8141360823,0,35052.4182049238,0,30958.4764086176,0,26879.8141360823,0,35052.4182049238,0,30958.528679855,0,26879.8141360823,0,35052.4182049238,0,30958.5772170587,0,26879.8141360823,0,35052.4182049238,0,30958.6222894631,0,26879.8141360823,0,35052.4182049238,0,30958.6641469012,0,26879.8141360823,0,35052.4182049238,0,30958.7030211783,0,26879.8141360823,0,35052.4182049238,0,30958.7391273546,0,26879.8141360823,0,35052.4182049238,0,30958.7726649397,0,26879.8141360823,0,35052.4182049238,0,30958.803819005,0,26879.8141360823,0,35052.4182049238,0,30958.8327612199,0,26879.8141360823,0,35052.4182049238,0,30958.8596508153,0,26879.8141360823,0,35052.4182049238,0,30958.8846354806,0,26879.8141360823,0,35052.4182049238,0,30958.9078521966,0,26879.8141360823,0,35052.4182049238,0,30958.9294280105,0,26879.8141360823,0,35052.4182049238,0,30958.9494807554,0,26879.8141360823,0,35052.4182049238,0,30958.9681197187,0,26879.8141360823,0,35052.4182049238,0,30958.9854462628,0,26879.8141360823,0,35052.4182049238,0,30959.0015544012,0,26879.8141360823,0,35052.4182049238,0,30959.0165313329,0,26879.8141360823,0,35052.4182049238,0
"48",0,0,0,0,0,0,0,0,0,0,0,0,0,0,0,0,0,0,0,0,0,0,0,0,0,0,0,0,0,0,0,0,0,0,0,0,0,0,0,0,0,0,0,0,0,0,0,0,0,0,0,0,0,0,0,0,0,0,0,0,0,0,0,0,0,0,0,0,0,0,0,0,0,0,0,0,0,0,0,0,0,0,0,0,0,0,0,0,0,0,0,0,0,0,0,0,0,0,0,0,0,0,0,0,0,0,0,0,0,0,0,0,0,0,0,0,0,0,0,0,0,0,0,0,0,0,0,0,0,0,0,0,0,0,0,0,0,0,0,0,0,0,0,0,0,0,0,0,0,0,0,0,0,0,0,0,0,0,0,0,0,0,0,0,0,0,0,0,0,0,0,0,0,0,0,0,0,0,0,0,0,0,0,0,0,0,0,0,0,0,0,0,0,0,0,0,0,0,0,0,0,0,0,0,0,0,0,0,0,0,0,0,0,0,0,0,0,0,0,0,0,0,0,0,0,0,0,0,0,0,0,0,0,0,0,0,0,0,0,0,0,0,0,0,0,0,0,0,0,0,0,0,0,0,0,0,0,0,0,0,0,0,0,0,0,0,0,0,0,0,0,0,0,0,0,0,0,0,0,0,0,0,0,0,0,0,0,0,0,0,0,0,0,0,0,0,0,0,0,0,500,0,500,0,500,0,0,0,0,0,0,0,800,0,800,0,800,0,400,0,400,0,400,0,600,0,600,0,600,0,0,0,0,0,0,0,0,0,0,0,0,0,921,0,921,0,921,0,42023,0,42023,0,42023,0,38280,0,38280,0,38280,0,69692,0,69692,0,69692,0,42456.5800477813,0,42459,0,42459,0,44228.4875170181,0,44235,0,44235,0,205187.972111523,0,161410.576007982,0,246911.550323088,0,40673.4536469824,0,34523.1956069836,0,46774.3820643758,0,31473.5009760519,0,27320.2052100482,0,35639.8698308716,0,30963.7099344898,0,26915.6223502866,0,35060.2782399237,0,30937.8017642867,0,26892.8556636215,0,35025.0242016472,0,30938.5984896387,0,26891.5971825717,0,35023.0875225348,0,30940.7367010373,0,26891.5278230303,0,35022.9892475363,0,30942.8215157696,0,26891.5240104977,0,35022.9897282704,0,30944.7833716465,0,26891.5238014239,0,35049.9537441418,0,30946.6252901175,0,26891.5237899823,0,35049.9537256439,0,30948.353842276,0,26891.5237893572,0,35049.9537246336,0,30949.9754040196,0,26891.5237893232,0,35049.9537245786,0,30951.4959929667,0,26891.5237893213,0,35049.9537245755,0,30952.9212939083,0,26891.5237893212,0,35049.9537245754,0,30954.2566881972,0,26891.5237893212,0,35049.9537245754,0,30955.5072782762,0,26891.5237893212,0,35049.9537245754,0,30956.6779079062,0,26891.5237893212,0,35049.9537245754,0,30957.773178968,0,26891.5237893212,0,35064.0303129158,0,30958.7974655591,0,26891.5237893212,0,35067.6880896145,0,30959.7549259713,0,26891.5237893212,0,35067.6880896145,0,30960.6495130223,0,26891.5237893212,0,35067.6880896145,0,30961.4849831202,0,26891.5237893212,0,35067.6880896145,0,30962.2649043674,0,26891.5237893212,0,35067.6880896145,0,30962.9926639457,0,26891.5237893212,0,35067.6880896145,0,30963.6714749728,0,26891.5237893212,0,35067.6880896145,0,30964.3043829792,0,26891.5237893212,0,35067.6880896145,0,30964.8942721165,0,26891.5237893212,0,35067.6880896145,0,30965.4438711794,0,26891.5237893212,0,35067.6880896145,0,30965.9557595001,0,26891.5237893212,0,35067.6880896145,0,30966.4323727551,0,26891.5237893212,0,35067.6880896145,0,30966.8760087051,0,26891.5237893212,0,35067.6880896145,0,30967.2888328828,0,26891.5237893212,0,35067.6880896145,0,30967.6728842282,0,26891.5237893212,0,35067.6880896145,0,30968.030080669,0,26891.5237893212,0,35067.6880896145,0,30968.3622246351,0,26891.5237893212,0,35067.6880896145,0,30968.6710084975,0,26891.5237893212,0,35067.6880896145,0,30968.9580199163,0,26891.5237893212,0,35067.6880896145,0,30969.224747084,0,26891.5237893212,0,35067.6880896145,0,30969.4725838509,0,26891.5237893212,0,35067.6880896145,0,30969.7028347188,0,26891.5237893212,0,35067.6880896145,0,30969.9167196918,0,26891.5237893212,0,35067.6880896145,0,30970.1153789734,0,26891.5237893212,0,35067.6880896145,0,30970.2998775016,0,26891.5237893212,0,35067.6880896145,0,30970.4712093156,0,26891.5237893212,0,35067.6880896145,0,30970.6303017484,0,26891.5237893212,0,35067.6880896145,0,30970.7780194419,0,26891.5237893212,0,35067.6880896145,0,30970.915168184,0,26891.5237893212,0,35067.6880896145,0,30971.0424985651,0,26891.5237893212,0,35067.6880896145,0,30971.160709457,0,26891.5237893212,0,35067.6880896145,0,30971.2704513152,0,26891.5237893212,0,35067.6880896145,0,30971.3723293076,0,26891.5237893212,0,35067.6880896145,0,30971.4669062744,0,26891.5237893212,0,35067.6880896145,0,30971.5547055224,0,26891.5237893212,0,35067.6880896145,0,30971.6362134602,0,26891.5237893212,0,35067.6880896145,0,30971.7118820789,0,26891.5237893212,0,35067.6880896145,0,30971.7821312855,0,26891.5237893212,0,35067.6880896145,0,30971.8473510927,0,26891.5237893212,0,35067.6880896145,0,30971.9079036749,0,26891.5237893212,0,35067.6880896145,0,30971.9641252934,0,26891.5237893212,0,35067.6880896145,0,30972.0163280992,0,26891.5237893212,0,35067.6880896145,0,30972.0648018196,0,26891.5237893212,0,35067.6880896145,0,30972.1098153332,0,26891.5237893212,0,35067.6880896145,0,30972.151618142,0,26891.5237893212,0,35067.6880896145,0,30972.1904417439,0,26891.5237893212,0,35067.6880896145,0,30972.2265009134,0,26891.5237893212,0,35067.6880896145,0,30972.2599948943,0,26891.5237893212,0,35067.6880896145,0,30972.2911085117,0,26891.5237893212,0,35067.6880896145,0,30972.3200132058,0,26891.5237893212,0,35067.6880896145,0,30972.3468679952,0,26891.5237893212,0,35067.6880896145,0,30972.3718203719,0,26891.5237893212,0,35067.6880896145,0,30972.3950071337,0,26891.5237893212,0,35067.6880896145,0,30972.4165551581,0,26891.5237893212,0,35067.6880896145,0,30972.4365821207,0,26891.5237893212,0,35067.6880896145,0,30972.4551971627,0,26891.5237893212,0,35067.6880896145,0,30972.4725015111,0,26891.5237893212,0,35067.6880896145,0,30972.4885890537,0,26891.5237893212,0,35067.6880896145,0,30972.5035468732,0,26891.5237893212,0,35067.6880896145,0
"49",0,0,0,0,0,0,0,0,0,0,0,0,0,0,0,0,0,0,0,0,0,0,0,0,0,0,0,0,0,0,0,0,0,0,0,0,0,0,0,0,0,0,0,0,0,0,0,0,0,0,0,0,0,0,0,0,0,0,0,0,0,0,0,0,0,0,0,0,0,0,0,0,0,0,0,0,0,0,0,0,0,0,0,0,0,0,0,0,0,0,0,0,0,0,0,0,0,0,0,0,0,0,0,0,0,0,0,0,0,0,0,0,0,0,0,0,0,0,0,0,0,0,0,0,0,0,0,0,0,0,0,0,0,0,0,0,0,0,0,0,0,0,0,0,0,0,0,0,0,0,0,0,0,0,0,0,0,0,0,0,0,0,0,0,0,0,0,0,0,0,0,0,0,0,0,0,0,0,0,0,0,0,0,0,0,0,0,0,0,0,0,0,0,0,0,0,0,0,0,0,0,0,0,0,0,0,0,0,0,0,0,0,0,0,0,0,0,0,0,0,0,0,0,0,0,0,0,0,0,0,0,0,0,0,0,0,0,0,0,0,0,0,0,0,0,0,0,0,0,0,0,0,0,0,0,0,0,0,0,0,0,0,0,0,0,0,0,0,0,0,0,0,0,0,0,0,0,0,0,0,0,0,0,0,0,0,0,0,0,0,0,0,0,0,0,0,0,0,0,0,500,0,500,0,500,0,0,0,0,0,0,0,800,0,800,0,800,0,400,0,400,0,400,0,600,0,600,0,600,0,0,0,0,0,0,0,0,0,0,0,0,0,921,0,921,0,921,0,42023,0,42023,0,42023,0,38280,0,38280,0,38280,0,69692,0,69692,0,69692,0,42456.5800477813,0,42459,0,42459,0,44228.4875170181,0,44235,0,44235,0,209553.673645811,0,164844.84358262,0,252164.987564005,0,37600.7076608434,0,32139.7546774664,0,43053.5193098219,0,31190.6860573792,0,27100.181716343,0,35296.382428759,0,30955.28377554,0,26909.6848592045,0,35048.3955588024,0,30948.9972982102,0,26902.6310197595,0,35037.4931854219,0,30951.0389427693,0,26902.3710651657,0,35037.1038033042,0,30953.2496475315,0,26902.3615134803,0,35037.0981245896,0,30955.3366923211,0,26902.3611634477,0,35037.1039116176,0,30957.2968157823,0,26902.3611506505,0,35064.0789567537,0,30959.1368799766,0,26902.3611501836,0,35064.0789559996,0,30960.8636670501,0,26902.3611501666,0,35064.0789559721,0,30962.4835586546,0,26902.361150166,0,35064.0789559711,0,30964.0025674488,0,26902.361150166,0,35064.0789559711,0,30965.4263732947,0,26902.361150166,0,35064.0789559711,0,30966.760353115,0,26902.361150166,0,35064.0789559711,0,30968.0096053444,0,26902.361150166,0,35064.0789559711,0,30969.1789700738,0,26902.361150166,0,35064.0789559711,0,30970.273045783,0,26902.361150166,0,35078.8082680268,0,30971.2962033849,0,26902.361150166,0,35081.8204680099,0,30972.2525981608,0,26902.361150166,0,35081.8204680099,0,30973.1461800604,0,26902.361150166,0,35081.8204680099,0,30973.9807027422,0,26902.361150166,0,35081.8204680099,0,30974.7597316596,0,26902.361150166,0,35081.8204680099,0,30975.4866514327,0,26902.361150166,0,35081.8204680099,0,30976.1646726969,0,26902.361150166,0,35081.8204680099,0,30976.7968385732,0,26902.361150166,0,35081.8204680099,0,30977.3860308736,0,26902.361150166,0,35081.8204680099,0,30977.9349761209,0,26902.361150166,0,35081.8204680099,0,30978.4462514437,0,26902.361150166,0,35081.8204680099,0,30978.922290382,0,26902.361150166,0,35081.8204680099,0,30979.3653886296,0,26902.361150166,0,35081.8204680099,0,30979.7777097218,0,26902.361150166,0,35081.8204680099,0,30980.1612906726,0,26902.361150166,0,35081.8204680099,0,30980.5180475559,0,26902.361150166,0,35081.8204680099,0,30980.8497810206,0,26902.361150166,0,35081.8204680099,0,30981.1581817306,0,26902.361150166,0,35081.8204680099,0,30981.4448357123,0,26902.361150166,0,35081.8204680099,0,30981.7112295982,0,26902.361150166,0,35081.8204680099,0,30981.9587557518,0,26902.361150166,0,35081.8204680099,0,30982.1887172606,0,26902.361150166,0,35081.8204680099,0,30982.4023327853,0,26902.361150166,0,35081.8204680099,0,30982.6007412557,0,26902.361150166,0,35081.8204680099,0,30982.7850064044,0,26902.361150166,0,35081.8204680099,0,30982.9561211314,0,26902.361150166,0,35081.8204680099,0,30983.1150116942,0,26902.361150166,0,35081.8204680099,0,30983.2625417217,0,26902.361150166,0,35081.8204680099,0,30983.3995160477,0,26902.361150166,0,35081.8204680099,0,30983.5266843663,0,26902.361150166,0,35081.8204680099,0,30983.6447447073,0,26902.361150166,0,35081.8204680099,0,30983.7543467364,0,26902.361150166,0,35081.8204680099,0,30983.8560948816,0,26902.361150166,0,35081.8204680099,0,30983.9505512901,0,26902.361150166,0,35081.8204680099,0,30984.0382386206,0,26902.361150166,0,35081.8204680099,0,30984.1196426761,0,26902.361150166,0,35081.8204680099,0,30984.1952148822,0,26902.361150166,0,35081.8204680099,0,30984.2653746175,0,26902.361150166,0,35081.8204680099,0,30984.3305114027,0,26902.361150166,0,35081.8204680099,0,30984.390986953,0,26902.361150166,0,35081.8204680099,0,30984.4471371021,0,26902.361150166,0,35081.8204680099,0,30984.4992736031,0,26902.361150166,0,35081.8204680099,0,30984.5476858124,0,26902.361150166,0,35081.8204680099,0,30984.5926422641,0,26902.361150166,0,35081.8204680099,0,30984.6343921396,0,26902.361150166,0,35081.8204680099,0,30984.6731666389,0,26902.361150166,0,35081.8204680099,0,30984.7091802595,0,26902.361150166,0,35081.8204680099,0,30984.7426319882,0,26902.361150166,0,35081.8204680099,0,30984.7737064109,0,26902.361150166,0,35081.8204680099,0,30984.8025747462,0,26902.361150166,0,35081.8204680099,0,30984.8293958067,0,26902.361150166,0,35081.8204680099,0,30984.8543168935,0,26902.361150166,0,35081.8204680099,0,30984.877474627,0,26902.361150166,0,35081.8204680099,0,30984.8989957202,0,26902.361150166,0,35081.8204680099,0,30984.918997696,0,26902.361150166,0,35081.8204680099,0,30984.9375895544,0,26902.361150166,0,35081.8204680099,0,30984.9548723911,0,26902.361150166,0,35081.8204680099,0,30984.9709399721,0,26902.361150166,0,35081.8204680099,0,30984.9858792674,0,26902.361150166,0,35081.8204680099,0
"50",0,0,0,0,0,0,0,0,0,0,0,0,0,0,0,0,0,0,0,0,0,0,0,0,0,0,0,0,0,0,0,0,0,0,0,0,0,0,0,0,0,0,0,0,0,0,0,0,0,0,0,0,0,0,0,0,0,0,0,0,0,0,0,0,0,0,0,0,0,0,0,0,0,0,0,0,0,0,0,0,0,0,0,0,0,0,0,0,0,0,0,0,0,0,0,0,0,0,0,0,0,0,0,0,0,0,0,0,0,0,0,0,0,0,0,0,0,0,0,0,0,0,0,0,0,0,0,0,0,0,0,0,0,0,0,0,0,0,0,0,0,0,0,0,0,0,0,0,0,0,0,0,0,0,0,0,0,0,0,0,0,0,0,0,0,0,0,0,0,0,0,0,0,0,0,0,0,0,0,0,0,0,0,0,0,0,0,0,0,0,0,0,0,0,0,0,0,0,0,0,0,0,0,0,0,0,0,0,0,0,0,0,0,0,0,0,0,0,0,0,0,0,0,0,0,0,0,0,0,0,0,0,0,0,0,0,0,0,0,0,0,0,0,0,0,0,0,0,0,0,0,0,0,0,0,0,0,0,0,0,0,0,0,0,0,0,0,0,0,0,0,0,0,0,0,0,0,0,0,0,0,0,0,0,0,0,0,0,0,0,0,0,0,0,0,0,0,0,0,0,500,0,500,0,500,0,0,0,0,0,0,0,800,0,800,0,800,0,400,0,400,0,400,0,600,0,600,0,600,0,0,0,0,0,0,0,0,0,0,0,0,0,921,0,921,0,921,0,42023,0,42023,0,42023,0,38280,0,38280,0,38280,0,69692,0,69692,0,69692,0,42456.5800477813,0,42459,0,42459,0,44228.4875170181,0,44235,0,44235,0,213919.375180099,0,168279.111157258,0,257418.424804922,0,34363.8725656658,0,29590.2170381236,0,39126.5607017634,0,31018.3865543024,0,26963.1079751578,0,35094.2432263009,0,30958.9084112111,0,26913.3316623765,0,35051.5745830262,0,30960.2754654892,0,26912.4105556883,0,35050.1681038301,0,30962.6181963831,0,26912.3935823426,0,35050.1548401731,0,30964.8382746383,0,26912.3932705013,0,35050.1633878376,0,30966.9237096889,0,26912.3932647873,0,35050.1696519549,0,30968.8819246069,0,26912.3932646828,0,35077.1546430294,0,30970.7201717938,0,26912.3932646809,0,35077.1546430263,0,30972.4452408103,0,26912.3932646809,0,35077.1546430263,0,30974.063507566,0,26912.3932646809,0,35077.1546430263,0,30975.5809792678,0,26912.3932646809,0,35077.1546430263,0,30977.0033309501,0,26912.3932646809,0,35077.1546430263,0,30978.3359352194,0,26912.3932646809,0,35077.1546430263,0,30979.5838866017,0,26912.3932646809,0,35077.1546430263,0,30980.7520216041,0,26912.3932646809,0,35077.1546430263,0,30981.8449353825,0,26912.3932646809,0,35092.5076922137,0,30982.8669957343,0,26912.3932646809,0,35094.9027710227,0,30983.8223549946,0,26912.3932646809,0,35094.9027710227,0,30984.7149603053,0,26912.3932646809,0,35094.9027710227,0,30985.5485626327,0,26912.3932646809,0,35094.9027710227,0,30986.3267248368,0,26912.3932646809,0,35094.9027710227,0,30987.0528290304,0,26912.3932646809,0,35094.9027710227,0,30987.7300834197,0,26912.3932646809,0,35094.9027710227,0,30988.3615287692,0,26912.3932646809,0,35094.9027710227,0,30988.9500446032,0,26912.3932646809,0,35094.9027710227,0,30989.4983552245,0,26912.3932646809,0,35094.9027710227,0,30990.0090356088,0,26912.3932646809,0,35094.9027710227,0,30990.4845172107,0,26912.3932646809,0,35094.9027710227,0,30990.9270937066,0,26912.3932646809,0,35094.9027710227,0,30991.338926684,0,26912.3932646809,0,35094.9027710227,0,30991.7220512792,0,26912.3932646809,0,35094.9027710227,0,30992.0783817591,0,26912.3932646809,0,35094.9027710227,0,30992.4097170381,0,26912.3932646809,0,35094.9027710227,0,30992.7177461176,0,26912.3932646809,0,35094.9027710227,0,30993.004053434,0,26912.3932646809,0,35094.9027710227,0,30993.2701241018,0,26912.3932646809,0,35094.9027710227,0,30993.5173490386,0,26912.3932646809,0,35094.9027710227,0,30993.747029956,0,26912.3932646809,0,35094.9027710227,0,30993.9603842091,0,26912.3932646809,0,35094.9027710227,0,30994.15854949,0,26912.3932646809,0,35094.9027710227,0,30994.3425883598,0,26912.3932646809,0,35094.9027710227,0,30994.5134926117,0,26912.3932646809,0,35094.9027710227,0,30994.6721874592,0,26912.3932646809,0,35094.9027710227,0,30994.819535547,0,26912.3932646809,0,35094.9027710227,0,30994.9563407832,0,26912.3932646809,0,35094.9027710227,0,30995.0833519914,0,26912.3932646809,0,35094.9027710227,0,30995.2012663843,0,26912.3932646809,0,35094.9027710227,0,30995.3107328612,0,26912.3932646809,0,35094.9027710227,0,30995.4123551322,0,26912.3932646809,0,35094.9027710227,0,30995.5066946722,0,26912.3932646809,0,35094.9027710227,0,30995.5942735115,0,26912.3932646809,0,35094.9027710227,0,30995.6755768653,0,26912.3932646809,0,35094.9027710227,0,30995.7510556106,0,26912.3932646809,0,35094.9027710227,0,30995.8211286143,0,26912.3932646809,0,35094.9027710227,0,30995.8861849193,0,26912.3932646809,0,35094.9027710227,0,30995.9465857958,0,26912.3932646809,0,35094.9027710227,0,30996.0026666631,0,26912.3932646809,0,35094.9027710227,0,30996.054738888,0,26912.3932646809,0,35094.9027710227,0,30996.103091468,0,26912.3932646809,0,35094.9027710227,0,30996.1479926029,0,26912.3932646809,0,35094.9027710227,0,30996.1896911634,0,26912.3932646809,0,35094.9027710227,0,30996.2284180605,0,26912.3932646809,0,35094.9027710227,0,30996.2643875235,0,26912.3932646809,0,35094.9027710227,0,30996.2977982897,0,26912.3932646809,0,35094.9027710227,0,30996.3288347136,0,26912.3932646809,0,35094.9027710227,0,30996.3576677988,0,26912.3932646809,0,35094.9027710227,0,30996.3844561585,0,26912.3932646809,0,35094.9027710227,0,30996.4093469083,0,26912.3932646809,0,35094.9027710227,0,30996.432476497,0,26912.3932646809,0,35094.9027710227,0,30996.453971478,0,26912.3932646809,0,35094.9027710227,0,30996.4739492267,0,26912.3932646809,0,35094.9027710227,0,30996.4925186056,0,26912.3932646809,0,35094.9027710227,0,30996.5097805834,0,26912.3932646809,0,35094.9027710227,0,30996.5258288082,0,26912.3932646809,0,35094.9027710227,0,30996.5407501405,0,26912.3932646809,0,35094.9027710227,0
"51",0,0,0,0,0,0,0,0,0,0,0,0,0,0,0,0,0,0,0,0,0,0,0,0,0,0,0,0,0,0,0,0,0,0,0,0,0,0,0,0,0,0,0,0,0,0,0,0,0,0,0,0,0,0,0,0,0,0,0,0,0,0,0,0,0,0,0,0,0,0,0,0,0,0,0,0,0,0,0,0,0,0,0,0,0,0,0,0,0,0,0,0,0,0,0,0,0,0,0,0,0,0,0,0,0,0,0,0,0,0,0,0,0,0,0,0,0,0,0,0,0,0,0,0,0,0,0,0,0,0,0,0,0,0,0,0,0,0,0,0,0,0,0,0,0,0,0,0,0,0,0,0,0,0,0,0,0,0,0,0,0,0,0,0,0,0,0,0,0,0,0,0,0,0,0,0,0,0,0,0,0,0,0,0,0,0,0,0,0,0,0,0,0,0,0,0,0,0,0,0,0,0,0,0,0,0,0,0,0,0,0,0,0,0,0,0,0,0,0,0,0,0,0,0,0,0,0,0,0,0,0,0,0,0,0,0,0,0,0,0,0,0,0,0,0,0,0,0,0,0,0,0,0,0,0,0,0,0,0,0,0,0,0,0,0,0,0,0,0,0,0,0,0,0,0,0,0,0,0,0,0,0,0,0,0,0,0,0,0,0,0,0,0,0,0,0,0,0,0,0,500,0,500,0,500,0,0,0,0,0,0,0,800,0,800,0,800,0,400,0,400,0,400,0,600,0,600,0,600,0,0,0,0,0,0,0,0,0,0,0,0,0,921,0,921,0,921,0,42023,0,42023,0,42023,0,38280,0,38280,0,38280,0,69692,0,69692,0,69692,0,42456.5800477813,0,42459,0,42459,0,44228.4875170181,0,44235,0,44235,0,218285.076714387,0,171713.378731896,0,262671.862045839,0,30962.9483614497,0,26921.6811838865,0,35022.3250438281,0,30965.7984715409,0,26921.6811838865,0,35039.0722489725,0,30968.4750712446,0,26921.6811838865,0,35062.219562491,0,30970.9892042449,0,26921.6811838865,0,35062.2381170114,0,30973.3508792681,0,26921.6811838865,0,35062.2510063288,0,30975.5692392212,0,26921.6811838865,0,35062.2599601318,0,30977.6526959675,0,26921.6811838865,0,35062.2661800313,0,30979.6090379004,0,26921.6811838865,0,35089.2603586006,0,30981.4455160056,0,26921.6811838865,0,35089.2603586006,0,30983.1689129054,0,26921.6811838865,0,35089.2603586006,0,30984.785598423,0,26921.6811838865,0,35089.2603586006,0,30986.3015744517,0,26921.6811838865,0,35089.2603586006,0,30987.7225113301,0,26921.6811838865,0,35089.2603586006,0,30989.05377746,0,26921.6811838865,0,35089.2603586006,0,30990.3004635544,0,26921.6811838865,0,35089.2603586006,0,30991.4674026203,0,26921.6811838865,0,35089.2603586006,0,30992.5591865644,0,26921.6811838865,0,35105.209991128,0,30993.5801801362,0,26921.6811838865,0,35107.0146117743,0,30994.5345327874,0,26921.6811838865,0,35107.0146117743,0,30995.4261889109,0,26921.6811838865,0,35107.0146117743,0,30996.2588968375,0,26921.6811838865,0,35107.0146117743,0,30997.0362168877,0,26921.6811838865,0,35107.0146117743,0,30997.7615287208,0,26921.6811838865,0,35107.0146117743,0,30998.4380381657,0,26921.6811838865,0,35107.0146117743,0,30999.0687836817,0,26921.6811838865,0,35107.0146117743,0,30999.6566425563,0,26921.6811838865,0,35107.0146117743,0,31000.2043369231,0,26921.6811838865,0,35107.0146117743,0,31000.7144396543,0,26921.6811838865,0,35107.0146117743,0,31001.1893801684,0,26921.6811838865,0,35107.0146117743,0,31001.6314501732,0,26921.6811838865,0,35107.0146117743,0,31002.0428093555,0,26921.6811838865,0,35107.0146117743,0,31002.4254910206,0,26921.6811838865,0,35107.0146117743,0,31002.7814076747,0,26921.6811838865,0,35107.0146117743,0,31003.1123565418,0,26921.6811838865,0,35107.0146117743,0,31003.4200250042,0,26921.6811838865,0,35107.0146117743,0,31003.7059959501,0,26921.6811838865,0,35107.0146117743,0,31003.9717530168,0,26921.6811838865,0,35107.0146117743,0,31004.2186857146,0,26921.6811838865,0,35107.0146117743,0,31004.4480944174,0,26921.6811838865,0,35107.0146117743,0,31004.66119521,0,26921.6811838865,0,35107.0146117743,0,31004.8591245813,0,26921.6811838865,0,35107.0146117743,0,31005.0429439541,0,26921.6811838865,0,35107.0146117743,0,31005.2136440458,0,26921.6811838865,0,35107.0146117743,0,31005.3721490554,0,26921.6811838865,0,35107.0146117743,0,31005.5193206719,0,26921.6811838865,0,35107.0146117743,0,31005.655961904,0,26921.6811838865,0,35107.0146117743,0,31005.7828207301,0,26921.6811838865,0,35107.0146117743,0,31005.9005935695,0,26921.6811838865,0,35107.0146117743,0,31006.0099285778,0,26921.6811838865,0,35107.0146117743,0,31006.1114287677,0,26921.6811838865,0,35107.0146117743,0,31006.2056549621,0,26921.6811838865,0,35107.0146117743,0,31006.293128581,0,26921.6811838865,0,35107.0146117743,0,31006.3743342695,0,26921.6811838865,0,35107.0146117743,0,31006.4497223724,0,26921.6811838865,0,35107.0146117743,0,31006.5197112596,0,26921.6811838865,0,35107.0146117743,0,31006.5846895111,0,26921.6811838865,0,35107.0146117743,0,31006.6450179651,0,26921.6811838865,0,35107.0146117743,0,31006.7010316389,0,26921.6811838865,0,35107.0146117743,0,31006.7530415249,0,26921.6811838865,0,35107.0146117743,0,31006.801336272,0,26921.6811838865,0,35107.0146117743,0,31006.8461837561,0,26921.6811838865,0,35107.0146117743,0,31006.8878325463,0,26921.6811838865,0,35107.0146117743,0,31006.9265132739,0,26921.6811838865,0,35107.0146117743,0,31006.9624399075,0,26921.6811838865,0,35107.0146117743,0,31006.9958109428,0,26921.6811838865,0,35107.0146117743,0,31007.0268105099,0,26921.6811838865,0,35107.0146117743,0,31007.0556094037,0,26921.6811838865,0,35107.0146117743,0,31007.082366044,0,26921.6811838865,0,35107.0146117743,0,31007.1072273669,0,26921.6811838865,0,35107.0146117743,0,31007.1303296546,0,26921.6811838865,0,35107.0146117743,0,31007.1517993059,0,26921.6811838865,0,35107.0146117743,0,31007.1717535526,0,26921.6811838865,0,35107.0146117743,0,31007.1903011246,0,26921.6811838865,0,35107.0146117743,0,31007.207542867,0,26921.6811838865,0,35107.0146117743,0,31007.2235723137,0,26921.6811838865,0,35107.0146117743,0,31007.2384762192,0,26921.6811838865,0,35107.0146117743,0
